1 1
4 1
10 1
0 1
0 1
15 1
0 1
0 1
208 1
0 1
0 1
0 1
0 1
39 1
17 1
1 1
27 1
0 1
0 1
0 1
0 1
0 1
0 1
0 1
11 1
0 1
47 1
0 1
15 1
8 1
0 1
0 1
0 1
0 1
0 1
159 1
0 1
0 1
0 1
0 1
0 1
0 1
0 1
0 1
0 1
0 1
0 1
3 1
0 1
0 1
0 1
35 1
0 1
0 1
0 1
0 1
0 1
0 1
1 1
0 1
2 1
0 1
0 1
0 1
0 1
2 1
8 1
0 1
0 1
20 1
0 1
0 1
0 1
0 1
1 1
0 1
0 1
0 1
0 1
0 1
0 1
13 1
0 1
0 1
0 1
1 1
106 1
4 1
3 1
0 1
50 1
4 1
2 1
0 1
0 1
0 1
6 1
0 1
0 1
0 1
1 1
132 1
0 1
0 1
0 1
0 1
2 1
0 1
0 1
10 1
0 1
0 1
0 1
0 1
0 1
0 1
0 1
0 1
0 1
0 1
0 1
0 1
0 1
0 1
0 1
0 1
0 1
11 1
0 1
0 1
0 1
0 1
0 1
2 1
0 1
0 1
0 1
0 1
0 1
241 1
0 1
1 1
0 1
0 1
0 1
0 1
5 1
1 1
0 1
0 1
0 1
0 1
0 1
0 1
14 1
0 1
0 1
0 1
0 1
0 1
56 1
0 1
0 1
0 1
144 1
12 1
0 1
0 1
18 1
0 1
0 1
0 1
1 1
0 1
0 1
69 1
0 1
0 1
10 1
0 1
0 1
0 1
0 1
0 1
0 1
0 1
0 1
0 1
0 1
9 1
1 1
0 1
0 1
1 1
0 1
3 1
0 1
0 1
0 1
0 1
0 1
0 1
0 1
0 1
0 1
2 1
0 1
0 1
23 1
0 1
0 1
12 1
0 1
0 1
78 1
0 1
55 1
6 1
0 1
0 1
13 1
0 1
0 1
0 1
0 1
0 1
0 1
0 1
0 1
0 1
0 1
0 1
0 1
0 1
0 1
14 1
0 1
0 1
0 1
0 1
0 1
0 1
0 1
3 1
0 1
0 1
1 1
1 1
0 1
0 1
0 1
0 1
0 1
0 1
0 1
10 1
0 1
18 1
0 1
123 1
0 1
3 1
0 1
0 1
0 1
1 1
14 1
9 1
0 1
0 1
0 1
0 1
19 1
0 1
0 1
0 1
0 1
0 1
0 1
8 1
0 1
0 1
0 1
0 1
0 1
2 1
98 1
13 1
0 1
0 1
1 1
14 1
0 1
0 1
0 1
0 1
0 1
0 1
60 1
0 1
0 1
0 1
0 1
0 1
0 1
1 1
6 1
0 1
0 1
0 1
0 1
0 1
0 1
0 1
0 1
0 1
0 1
0 1
4 1
0 1
1 1
1 1
0 1
0 1
33 1
0 1
0 1
0 1
1 1
0 1
0 1
0 1
1 1
0 1
0 1
0 1
21 1
0 1
222 1
0 1
4 1
56 1
6 1
0 1
22 1
0 1
0 1
0 1
110 1
0 1
0 1
2 1
0 1
2 1
0 1
29 1
0 1
78 1
24 1
0 1
0 1
0 1
282 1
37 1
3 1
8 1
0 1
0 1
0 1
0 1
7 1
0 1
0 1
0 1
0 1
155 1
0 1
0 1
0 1
0 1
0 1
72 1
0 1
0 1
0 1
0 1
0 1
1 1
0 1
7 1
0 1
4 1
0 1
15 1
0 1
0 1
0 1
0 1
0 1
0 1
0 1
0 1
0 1
0 1
0 1
0 1
126 1
0 1
0 1
0 1
0 1
0 1
24 1
0 1
100 1
0 1
0 1
0 1
0 1
0 1
6 1
0 1
15 1
0 1
31 1
0 1
11 1
3 1
0 1
0 1
0 1
2 1
40 1
0 1
0 1
3 1
0 1
0 1
0 1
0 1
0 1
0 1
0 1
0 1
0 1
0 1
10 1
3 1
0 1
0 1
0 1
0 1
0 1
9 1
310 1
65 1
0 1
0 1
0 1
132 1
0 1
1 1
15 1
0 1
2 1
2 1
0 1
0 1
0 1
0 1
26 1
0 1
0 1
0 1
122 1
40 1
19 1
85 1
0 1
132 1
0 1
8 1
0 1
0 1
0 1
0 1
2 1
17 1
55 1
0 1
0 1
0 1
6 1
0 1
0 1
0 1
0 1
0 1
12 1
0 1
0 1
0 1
0 1
34 1
0 1
2 1
28 1
0 1
0 1
0 1
0 1
0 1
0 1
0 1
0 1
47 1
0 1
1 1
0 1
0 1
4 1
51 1
0 1
24 1
264 1
0 1
0 1
2 1
95 1
0 1
0 1
0 1
0 1
19 1
0 1
0 1
0 1
1 1
0 1
14 1
126 1
0 1
0 1
0 1
0 1
0 1
0 1
0 1
0 1
0 1
0 1
0 1
0 1
0 1
0 1
0 1
14 1
310 1
0 1
50 1
0 1
0 1
0 1
0 1
0 1
0 1
0 1
0 1
0 1
0 1
20 1
6 1
2 1
0 1
0 1
2 1
0 1
62 1
0 1
5 1
0 1
0 1
0 1
0 1
8 1
0 1
0 1
0 1
12 1
22 1
0 1
0 1
9 1
19 1
0 1
0 1
0 1
0 1
1 1
0 1
0 1
0 1
95 1
0 1
0 1
0 1
0 1
4 1
2 1
5 1
38 1
0 1
0 1
11 1
0 1
5 1
0 1
2 1
0 1
0 1
0 1
0 1
1 1
0 1
0 1
0 1
3 1
0 1
0 1
4 1
0 1
0 1
1 1
0 1
0 1
0 1
6 1
0 1
0 1
0 1
0 1
0 1
0 1
53 1
0 1
0 1
0 1
0 1
0 1
0 1
0 1
13 1
0 1
0 1
0 1
0 1
0 1
0 1
0 1
0 1
0 1
0 1
82 1
0 1
0 1
0 1
0 1
0 1
0 1
0 1
0 1
0 1
0 1
113 1
0 1
45 1
0 1
0 1
0 1
0 1
0 1
2 1
0 1
0 1
0 1
0 1
0 1
0 1
0 1
0 1
1 1
0 1
0 1
0 1
0 1
0 1
0 1
0 1
0 1
13 1
9 1
1 1
0 1
14 1
0 1
0 1
23 1
0 1
2 1
0 1
0 1
0 1
0 1
2 1
0 1
1 1
18 1
0 1
49 1
0 1
0 1
0 1
2 1
0 1
0 1
0 1
27 1
0 1
0 1
0 1
0 1
0 1
0 1
26 1
4 1
0 1
0 1
0 1
0 1
0 1
0 1
0 1
0 1
0 1
6 1
26 1
0 1
0 1
0 1
0 1
0 1
6 1
0 1
22 1
0 1
83 1
0 1
14 1
0 1
0 1
0 1
0 1
0 1
0 1
81 1
2 1
0 1
0 1
0 1
0 1
0 1
10 1
0 1
17 1
3 1
0 1
0 1
0 1
0 1
10 1
87 1
0 1
14 1
0 1
0 1
0 1
15 1
0 1
6 1
90 1
155 1
0 1
0 1
0 1
52 1
0 1
0 1
0 1
0 1
0 1
0 1
0 1
0 1
0 1
0 1
0 1
0 1
0 1
1 1
0 1
0 1
205 1
0 1
0 1
0 1
1 1
71 1
0 1
0 1
0 1
0 1
0 1
0 1
11 1
0 1
11 1
0 1
186 1
4 1
0 1
0 1
0 1
0 1
0 1
0 1
0 1
0 1
0 1
0 1
17 1
0 1
0 1
0 1
0 1
2 1
0 1
43 1
0 1
0 1
0 1
0 1
0 1
0 1
1 1
0 1
0 1
1 1
0 1
0 1
0 1
0 1
0 1
16 1
0 1
0 1
0 1
0 1
0 1
0 1
0 1
42 1
0 1
0 1
2 1
0 1
0 1
0 1
0 1
0 1
1 1
0 1
0 1
42 1
0 1
38 1
0 1
2 1
0 1
28 1
63 1
0 1
218 1
1 1
0 1
0 1
0 1
3 1
0 1
0 1
0 1
0 1
0 1
0 1
0 1
6 1
2 1
0 1
0 1
9 1
0 1
0 1
0 1
2 1
0 1
247 1
0 1
1 1
26 1
6 1
0 1
0 1
2 1
0 1
0 1
0 1
5 1
1 1
97 1
0 1
0 1
0 1
117 1
0 1
51 1
0 1
2 1
0 1
0 1
0 1
0 1
0 1
0 1
0 1
1 1
0 1
0 1
0 1
0 1
15 1
292 1
0 1
0 1
0 1
1 1
0 1
0 1
8 1
1 1
21 1
0 1
0 1
0 1
0 1
0 1
0 1
0 1
13 1
0 1
3 1
0 1
0 1
0 1
0 1
0 1
0 1
0 1
1 1
18 1
0 1
0 1
1 1
0 1
0 1
0 1
0 1
0 1
0 1
2 1
0 1
9 1
40 1
0 1
0 1
0 1
3 1
0 1
0 1
0 1
0 1
0 1
0 1
0 1
0 1
0 1
0 1
0 1
6 1
27 1
1 1
0 1
3 1
0 1
0 1
0 1
0 1
0 1
0 1
0 1
0 1
0 1
0 1
0 1
0 1
0 1
164 1
220 1
10 1
0 1
1 1
0 1
5 1
2 1
1 1
0 1
19 1
0 1
0 1
18 1
0 1
0 1
0 1
0 1
20 1
0 1
2 1
1 1
20 1
0 1
0 1
0 1
0 1
1 1
13 1
16 1
0 1
0 1
0 1
0 1
0 1
0 1
0 1
0 1
284 1
0 1
0 1
4 1
0 1
0 1
0 1
0 1
2 1
3 1
0 1
0 1
0 1
182 1
0 1
22 1
337 1
9 1
130 1
0 1
0 1
0 1
0 1
0 1
0 1
120 1
1 1
0 1
6 1
0 1
2 1
0 1
0 1
0 1
0 1
30 1
0 1
0 1
135 1
0 1
0 1
0 1
12 1
0 1
0 1
0 1
0 1
0 1
2 1
0 1
0 1
17 1
0 1
0 1
0 1
0 1
15 1
3 1
0 1
0 1
0 1
0 1
78 1
0 1
0 1
0 1
2 1
0 1
0 1
4 1
0 1
5 1
0 1
0 1
1 1
3 1
0 1
0 1
0 1
0 1
0 1
0 1
0 1
6 1
0 1
0 1
0 1
112 1
113 1
11 1
1 1
0 1
0 1
5 1
7 1
0 1
49 1
0 1
0 1
0 1
153 1
12 1
60 1
36 1
0 1
0 1
15 1
0 1
0 1
0 1
7 1
34 1
0 1
0 1
0 1
0 1
0 1
0 1
0 1
0 1
0 1
0 1
0 1
0 1
3 1
0 1
0 1
326 1
6 1
0 1
0 1
0 1
0 1
0 1
0 1
0 1
1 1
0 1
292 1
3 1
0 1
7 1
0 1
0 1
0 1
0 1
0 1
0 1
16 1
0 1
0 1
79 1
0 1
0 1
0 1
10 1
0 1
2 1
5 1
106 1
0 1
0 1
23 1
3 1
75 1
0 1
0 1
0 1
0 1
0 1
0 1
0 1
0 1
4 1
40 1
0 1
0 1
0 1
22 1
0 1
7 1
11 1
0 1
0 1
0 1
0 1
0 1
0 1
15 1
11 1
0 1
118 1
0 1
43 1
0 1
0 1
0 1
8 1
0 1
217 1
0 1
0 1
0 1
0 1
0 1
0 1
0 1
0 1
0 1
7 1
16 1
0 1
2 1
8 1
71 1
0 1
0 1
0 1
0 1
0 1
57 1
0 1
0 1
6 1
0 1
5 1
0 1
3 1
0 1
0 1
4 1
0 1
0 1
3 1
1 1
0 1
6 1
0 1
0 1
1 1
1 1
0 1
0 1
0 1
12 1
0 1
0 1
0 1
0 1
30 1
0 1
0 1
0 1
10 1
0 1
0 1
1 1
0 1
0 1
2 1
0 1
0 1
0 1
0 1
0 1
0 1
0 1
54 1
0 1
0 1
0 1
0 1
0 1
0 1
0 1
25 1
0 1
141 1
4 1
0 1
2 1
23 1
0 1
0 1
30 1
12 1
0 1
0 1
0 1
0 1
0 1
5 1
36 1
0 1
1 1
0 1
0 1
9 1
0 1
0 1
1 1
0 1
0 1
0 1
0 1
0 1
0 1
0 1
0 1
0 1
1 1
0 1
61 1
0 1
0 1
8 1
0 1
0 1
0 1
2 1
129 1
0 1
0 1
0 1
0 1
166 1
0 1
0 1
30 1
0 1
0 1
0 1
0 1
2 1
0 1
0 1
0 1
0 1
0 1
0 1
7 1
0 1
11 1
5 1
0 1
39 1
0 1
0 1
0 1
8 1
0 1
3 1
0 1
0 1
0 1
6 1
32 1
0 1
0 1
14 1
0 1
33 1
0 1
0 1
0 1
0 1
0 1
0 1
0 1
0 1
0 1
4 1
17 1
0 1
0 1
0 1
0 1
0 1
0 1
10 1
0 1
0 1
0 1
0 1
0 1
57 1
0 1
3 1
0 1
0 1
0 1
0 1
0 1
0 1
49 1
0 1
0 1
155 1
10 1
0 1
4 1
0 1
0 1
0 1
0 1
22 1
0 1
0 1
0 1
0 1
0 1
0 1
3 1
0 1
0 1
103 1
44 1
0 1
8 1
0 1
0 1
0 1
0 1
0 1
3 1
0 1
0 1
12 1
0 1
2 1
0 1
13 1
0 1
0 1
95 1
6 1
0 1
10 1
0 1
2 1
2 1
0 1
0 1
0 1
0 1
0 1
0 1
1 1
0 1
0 1
1 1
0 1
0 1
0 1
0 1
136 1
0 1
0 1
1 1
1 1
17 1
0 1
0 1
0 1
13 1
7 1
62 1
0 1
0 1
1 1
0 1
4 1
0 1
0 1
0 1
0 1
0 1
0 1
95 1
30 1
0 1
0 1
101 1
6 1
0 1
2 1
21 1
0 1
0 1
0 1
9 1
0 1
0 1
0 1
0 1
11 1
0 1
63 1
0 1
1 1
3 1
69 1
0 1
0 1
6 1
0 1
0 1
0 1
0 1
0 1
0 1
0 1
0 1
8 1
14 1
0 1
0 1
0 1
0 1
0 1
0 1
0 1
0 1
0 1
0 1
0 1
0 1
1 1
0 1
15 1
55 1
1 1
0 1
0 1
0 1
22 1
0 1
0 1
7 1
0 1
22 1
0 1
0 1
54 1
1 1
0 1
0 1
0 1
0 1
0 1
0 1
0 1
4 1
0 1
0 1
39 1
0 1
0 1
158 1
2 1
0 1
3 1
0 1
0 1
0 1
0 1
0 1
54 1
9 1
0 1
0 1
0 1
0 1
0 1
0 1
0 1
0 1
0 1
0 1
0 1
0 1
1 1
0 1
0 1
0 1
0 1
0 1
0 1
0 1
17 1
0 1
1 1
0 1
0 1
0 1
0 1
0 1
0 1
0 1
0 1
46 1
0 1
0 1
26 1
2 1
0 1
36 1
10 1
10 1
0 1
0 1
1 1
0 1
0 1
0 1
0 1
0 1
30 1
2 1
0 1
2 1
0 1
0 1
0 1
0 1
0 1
0 1
13 1
4 1
0 1
4 1
0 1
68 1
0 1
37 1
0 1
0 1
0 1
0 1
0 1
0 1
0 1
87 1
0 1
0 1
0 1
0 1
0 1
2 1
0 1
1 1
0 1
0 1
0 1
0 1
0 1
0 1
11 1
7 1
0 1
0 1
0 1
0 1
0 1
0 1
0 1
0 1
14 1
0 1
0 1
32 1
63 1
0 1
0 1
0 1
0 1
0 1
0 1
0 1
0 1
208 1
0 1
2 1
0 1
0 1
0 1
92 1
2 1
54 1
3 1
17 1
0 1
0 1
0 1
4 1
27 1
71 1
0 1
7 1
0 1
0 1
85 1
3 1
0 1
0 1
0 1
3 1
0 1
11 1
0 1
0 1
0 1
66 1
0 1
0 1
2 1
9 1
0 1
42 1
0 1
0 1
0 1
0 1
0 1
0 1
0 1
0 1
0 1
0 1
188 1
0 1
0 1
0 1
20 1
3 1
0 1
0 1
94 1
1 1
178 1
0 1
6 1
0 1
57 1
0 1
0 1
7 1
0 1
16 1
0 1
3 1
0 1
0 1
0 1
6 1
0 1
0 1
0 1
37 1
0 1
8 1
64 1
0 1
4 1
0 1
0 1
0 1
0 1
0 1
174 1
20 1
3 1
0 1
2 1
1 1
0 1
0 1
0 1
6 1
0 1
381 1
5 1
1 1
0 1
0 1
0 1
0 1
0 1
0 1
0 1
0 1
0 1
0 1
0 1
3 1
0 1
0 1
0 1
0 1
0 1
0 1
77 1
0 1
0 1
0 1
3 1
0 1
0 1
0 1
0 1
0 1
126 1
0 1
0 1
0 1
0 1
0 1
74 1
0 1
0 1
0 1
6 1
0 1
0 1
0 1
0 1
0 1
0 1
0 1
0 1
0 1
0 1
0 1
0 1
0 1
6 1
0 1
8 1
1 1
0 1
27 1
0 1
1 1
0 1
0 1
0 1
0 1
0 1
0 1
0 1
0 1
0 1
3 1
2 1
0 1
0 1
0 1
5 1
2 1
0 1
1 1
0 1
1 1
0 1
0 1
0 1
11 1
0 1
0 1
2 1
0 1
0 1
10 1
0 1
0 1
0 1
0 1
0 1
0 1
29 1
31 1
0 1
0 1
0 1
0 1
0 1
0 1
3 1
26 1
0 1
0 1
0 1
0 1
0 1
0 1
0 1
0 1
0 1
0 1
1 1
0 1
11 1
0 1
0 1
24 1
0 1
0 1
0 1
1 1
0 1
3 1
155 1
0 1
14 1
0 1
0 1
0 1
1 1
0 1
1 1
0 1
0 1
0 1
0 1
0 1
0 1
3 1
0 1
0 1
0 1
5 1
0 1
3 1
1 1
228 1
0 1
0 1
0 1
