0 1
5 1
1 1
0 1
0 1
0 1
10 1
10 1
0 1
0 1
0 1
0 1
0 1
2 1
0 1
12 1
0 1
7 1
0 1
40 1
1 1
0 1
65 1
6 1
0 1
0 1
0 1
0 1
0 1
0 1
0 1
0 1
0 1
0 1
1 1
0 1
0 1
0 1
0 1
0 1
6 1
0 1
0 1
0 1
0 1
0 1
0 1
1 1
0 1
0 1
0 1
0 1
1 1
0 1
0 1
0 1
16 1
0 1
0 1
0 1
0 1
4 1
0 1
0 1
0 1
0 1
0 1
0 1
0 1
0 1
0 1
0 1
0 1
0 1
0 1
41 1
0 1
0 1
0 1
0 1
0 1
0 1
0 1
0 1
0 1
0 1
0 1
0 1
0 1
0 1
0 1
0 1
0 1
2 1
0 1
0 1
0 1
0 1
0 1
3 1
0 1
0 1
0 1
0 1
0 1
0 1
0 1
0 1
0 1
0 1
0 1
0 1
0 1
0 1
0 1
0 1
5 1
0 1
0 1
0 1
0 1
10 1
0 1
0 1
0 1
0 1
0 1
0 1
0 1
0 1
0 1
0 1
0 1
0 1
0 1
7 1
0 1
0 1
4 1
14 1
0 1
0 1
27 1
0 1
0 1
0 1
0 1
0 1
0 1
0 1
4 1
0 1
0 1
0 1
0 1
1 1
0 1
0 1
0 1
6 1
15 1
0 1
45 1
14 1
0 1
0 1
0 1
0 1
0 1
0 1
0 1
6 1
0 1
0 1
1 1
0 1
0 1
0 1
0 1
0 1
0 1
0 1
0 1
0 1
0 1
0 1
0 1
0 1
0 1
0 1
0 1
0 1
3 1
0 1
0 1
0 1
93 1
9 1
0 1
0 1
0 1
0 1
0 1
5 1
0 1
6 1
8 1
0 1
0 1
0 1
0 1
0 1
0 1
0 1
0 1
0 1
0 1
0 1
0 1
0 1
0 1
10 1
4 1
0 1
0 1
18 1
0 1
0 1
39 1
0 1
0 1
0 1
0 1
0 1
0 1
59 1
0 1
0 1
0 1
2 1
0 1
0 1
33 1
23 1
2 1
0 1
0 1
0 1
0 1
2 1
0 1
0 1
4 1
0 1
0 1
6 1
0 1
0 1
0 1
0 1
20 1
0 1
0 1
13 1
0 1
0 1
0 1
0 1
0 1
19 1
0 1
0 1
2 1
93 1
0 1
0 1
0 1
0 1
0 1
0 1
0 1
0 1
4 1
0 1
0 1
0 1
24 1
0 1
101 1
0 1
0 1
0 1
0 1
0 1
0 1
0 1
33 1
0 1
0 1
0 1
2 1
0 1
0 1
0 1
0 1
0 1
0 1
0 1
0 1
86 1
0 1
0 1
0 1
0 1
0 1
10 1
0 1
0 1
0 1
2 1
0 1
0 1
0 1
0 1
0 1
17 1
0 1
0 1
0 1
0 1
0 1
0 1
0 1
0 1
0 1
0 1
0 1
0 1
0 1
0 1
0 1
2 1
3 1
0 1
0 1
0 1
0 1
0 1
12 1
1 1
0 1
0 1
0 1
0 1
0 1
0 1
0 1
0 1
0 1
0 1
0 1
0 1
12 1
0 1
0 1
0 1
0 1
1 1
0 1
4 1
157 1
0 1
0 1
0 1
0 1
70 1
0 1
5 1
205 1
0 1
0 1
0 1
0 1
0 1
0 1
0 1
0 1
0 1
0 1
0 1
0 1
0 1
0 1
0 1
0 1
16 1
0 1
6 1
0 1
0 1
0 1
0 1
0 1
0 1
0 1
0 1
0 1
5 1
0 1
0 1
0 1
2 1
0 1
0 1
0 1
1 1
0 1
0 1
0 1
0 1
0 1
0 1
0 1
0 1
0 1
0 1
0 1
0 1
0 1
0 1
0 1
0 1
0 1
0 1
0 1
0 1
0 1
0 1
0 1
0 1
0 1
0 1
0 1
0 1
0 1
0 1
0 1
0 1
0 1
0 1
0 1
0 1
0 1
0 1
0 1
4 1
15 1
3 1
0 1
2 1
0 1
0 1
0 1
0 1
0 1
0 1
23 1
0 1
1 1
21 1
0 1
0 1
0 1
0 1
0 1
8 1
123 1
0 1
0 1
16 1
0 1
0 1
0 1
0 1
0 1
0 1
1 1
0 1
0 1
0 1
5 1
0 1
0 1
2 1
7 1
0 1
3 1
0 1
0 1
1 1
0 1
0 1
6 1
0 1
0 1
0 1
0 1
28 1
0 1
0 1
0 1
8 1
0 1
0 1
0 1
0 1
33 1
0 1
0 1
0 1
0 1
0 1
0 1
0 1
2 1
7 1
0 1
0 1
0 1
0 1
201 1
0 1
0 1
0 1
11 1
0 1
0 1
0 1
0 1
0 1
0 1
0 1
0 1
0 1
0 1
0 1
0 1
0 1
0 1
0 1
11 1
0 1
0 1
0 1
0 1
5 1
0 1
3 1
0 1
0 1
0 1
0 1
0 1
0 1
0 1
1 1
0 1
0 1
0 1
49 1
0 1
0 1
0 1
0 1
0 1
0 1
40 1
0 1
0 1
0 1
0 1
0 1
6 1
0 1
0 1
4 1
0 1
0 1
88 1
0 1
2 1
0 1
1 1
0 1
0 1
0 1
0 1
0 1
0 1
0 1
0 1
0 1
0 1
3 1
0 1
0 1
8 1
0 1
34 1
0 1
0 1
0 1
0 1
0 1
0 1
0 1
0 1
0 1
0 1
0 1
0 1
16 1
0 1
0 1
0 1
0 1
3 1
0 1
0 1
0 1
0 1
0 1
21 1
3 1
0 1
0 1
0 1
0 1
0 1
0 1
0 1
0 1
0 1
0 1
11 1
0 1
0 1
0 1
0 1
0 1
0 1
10 1
0 1
18 1
0 1
0 1
0 1
3 1
0 1
0 1
8 1
17 1
0 1
0 1
0 1
0 1
0 1
0 1
0 1
0 1
0 1
0 1
0 1
0 1
0 1
0 1
0 1
0 1
0 1
0 1
0 1
0 1
0 1
0 1
0 1
0 1
0 1
0 1
0 1
168 1
0 1
0 1
2 1
0 1
0 1
0 1
0 1
1 1
0 1
0 1
0 1
3 1
0 1
0 1
0 1
0 1
0 1
1 1
0 1
0 1
0 1
2 1
0 1
0 1
0 1
3 1
0 1
0 1
0 1
0 1
0 1
0 1
0 1
0 1
6 1
1 1
0 1
0 1
0 1
0 1
0 1
0 1
0 1
0 1
0 1
0 1
0 1
0 1
0 1
0 1
0 1
0 1
0 1
0 1
0 1
15 1
0 1
0 1
0 1
0 1
0 1
0 1
0 1
0 1
0 1
0 1
0 1
0 1
4 1
0 1
0 1
0 1
1 1
8 1
0 1
0 1
0 1
0 1
3 1
0 1
0 1
0 1
0 1
0 1
0 1
0 1
0 1
0 1
0 1
1 1
0 1
14 1
19 1
0 1
0 1
0 1
0 1
1 1
0 1
23 1
0 1
0 1
0 1
0 1
0 1
0 1
0 1
0 1
9 1
0 1
0 1
0 1
0 1
0 1
0 1
0 1
0 1
0 1
0 1
0 1
0 1
12 1
0 1
0 1
0 1
0 1
0 1
6 1
0 1
0 1
3 1
0 1
0 1
0 1
0 1
0 1
0 1
0 1
30 1
0 1
0 1
0 1
0 1
0 1
0 1
0 1
0 1
0 1
0 1
0 1
0 1
0 1
0 1
0 1
0 1
0 1
0 1
0 1
0 1
0 1
0 1
0 1
0 1
38 1
16 1
74 1
0 1
1 1
0 1
0 1
29 1
0 1
5 1
0 1
0 1
0 1
0 1
0 1
5 1
0 1
0 1
0 1
0 1
0 1
0 1
0 1
0 1
0 1
0 1
0 1
0 1
0 1
0 1
0 1
0 1
0 1
0 1
0 1
29 1
0 1
4 1
0 1
0 1
27 1
0 1
2 1
0 1
0 1
0 1
0 1
0 1
0 1
0 1
0 1
46 1
0 1
51 1
0 1
0 1
0 1
0 1
13 1
6 1
0 1
0 1
0 1
59 1
0 1
0 1
0 1
52 1
0 1
0 1
0 1
0 1
0 1
0 1
0 1
0 1
0 1
0 1
0 1
0 1
2 1
5 1
0 1
0 1
0 1
0 1
0 1
0 1
0 1
0 1
0 1
24 1
9 1
0 1
0 1
0 1
45 1
0 1
6 1
0 1
0 1
0 1
44 1
0 1
0 1
0 1
0 1
0 1
0 1
0 1
16 1
0 1
63 1
0 1
0 1
0 1
0 1
22 1
0 1
0 1
0 1
0 1
0 1
0 1
0 1
0 1
0 1
0 1
0 1
8 1
0 1
0 1
0 1
0 1
0 1
0 1
0 1
0 1
1 1
1 1
0 1
0 1
0 1
0 1
0 1
15 1
0 1
0 1
25 1
3 1
0 1
0 1
0 1
0 1
0 1
115 1
0 1
6 1
0 1
59 1
0 1
0 1
9 1
32 1
0 1
0 1
0 1
0 1
0 1
0 1
0 1
0 1
0 1
0 1
0 1
0 1
0 1
0 1
0 1
19 1
0 1
0 1
0 1
0 1
0 1
0 1
0 1
0 1
0 1
0 1
0 1
5 1
0 1
0 1
1 1
0 1
0 1
0 1
19 1
0 1
0 1
0 1
0 1
0 1
0 1
0 1
0 1
1 1
0 1
0 1
0 1
0 1
0 1
0 1
0 1
0 1
0 1
0 1
0 1
0 1
0 1
0 1
0 1
0 1
0 1
0 1
0 1
13 1
0 1
5 1
0 1
0 1
0 1
4 1
0 1
0 1
81 1
0 1
0 1
0 1
0 1
0 1
1 1
0 1
0 1
0 1
0 1
7 1
8 1
0 1
0 1
2 1
9 1
0 1
0 1
0 1
0 1
0 1
0 1
0 1
14 1
4 1
0 1
0 1
0 1
0 1
0 1
0 1
0 1
0 1
0 1
0 1
0 1
0 1
0 1
0 1
0 1
2 1
8 1
16 1
15 1
0 1
0 1
332 1
0 1
0 1
0 1
0 1
11 1
0 1
0 1
0 1
0 1
0 1
0 1
0 1
0 1
0 1
0 1
0 1
0 1
0 1
0 1
0 1
0 1
0 1
0 1
5 1
0 1
86 1
0 1
2 1
39 1
0 1
32 1
0 1
0 1
0 1
0 1
0 1
0 1
0 1
0 1
9 1
0 1
0 1
4 1
0 1
19 1
0 1
0 1
0 1
0 1
0 1
1 1
0 1
0 1
0 1
2 1
53 1
0 1
0 1
2 1
0 1
0 1
0 1
0 1
0 1
0 1
0 1
0 1
7 1
42 1
3 1
0 1
4 1
0 1
0 1
2 1
0 1
0 1
0 1
0 1
0 1
0 1
0 1
0 1
0 1
0 1
0 1
0 1
0 1
0 1
0 1
0 1
0 1
0 1
0 1
0 1
0 1
0 1
0 1
0 1
0 1
0 1
0 1
0 1
0 1
32 1
0 1
0 1
0 1
0 1
0 1
0 1
0 1
0 1
0 1
0 1
0 1
0 1
0 1
0 1
0 1
0 1
0 1
0 1
0 1
11 1
0 1
0 1
0 1
0 1
434 1
0 1
0 1
0 1
0 1
0 1
0 1
0 1
3 1
0 1
0 1
0 1
0 1
0 1
66 1
0 1
0 1
0 1
8 1
0 1
0 1
0 1
0 1
0 1
0 1
1 1
0 1
0 1
1 1
0 1
0 1
0 1
0 1
0 1
0 1
1 1
0 1
0 1
0 1
0 1
0 1
0 1
26 1
0 1
0 1
5 1
0 1
0 1
0 1
0 1
0 1
0 1
0 1
0 1
0 1
34 1
0 1
0 1
0 1
0 1
0 1
0 1
0 1
0 1
0 1
0 1
0 1
0 1
0 1
0 1
0 1
2 1
4 1
0 1
0 1
0 1
0 1
0 1
0 1
0 1
0 1
0 1
0 1
14 1
0 1
0 1
0 1
0 1
0 1
0 1
7 1
0 1
0 1
0 1
0 1
0 1
2 1
0 1
0 1
0 1
0 1
0 1
0 1
0 1
23 1
9 1
0 1
0 1
0 1
4 1
0 1
0 1
0 1
0 1
0 1
0 1
4 1
5 1
8 1
0 1
36 1
0 1
0 1
0 1
0 1
10 1
0 1
0 1
0 1
0 1
0 1
0 1
0 1
0 1
0 1
0 1
0 1
0 1
0 1
0 1
0 1
0 1
10 1
0 1
0 1
0 1
0 1
0 1
0 1
2 1
0 1
2 1
0 1
0 1
6 1
0 1
0 1
0 1
0 1
0 1
4 1
0 1
0 1
0 1
0 1
0 1
0 1
43 1
4 1
0 1
0 1
0 1
11 1
0 1
0 1
0 1
0 1
2 1
0 1
0 1
0 1
0 1
0 1
1 1
0 1
0 1
0 1
0 1
0 1
0 1
0 1
0 1
0 1
0 1
3 1
0 1
0 1
0 1
0 1
0 1
0 1
0 1
0 1
0 1
0 1
0 1
71 1
0 1
0 1
0 1
0 1
0 1
227 1
1 1
0 1
0 1
0 1
0 1
0 1
0 1
0 1
0 1
2 1
2 1
0 1
25 1
0 1
1 1
0 1
0 1
0 1
2 1
0 1
0 1
25 1
0 1
0 1
0 1
0 1
0 1
1 1
0 1
0 1
1 1
0 1
0 1
0 1
0 1
0 1
0 1
0 1
0 1
6 1
0 1
0 1
0 1
0 1
12 1
0 1
0 1
0 1
11 1
0 1
6 1
0 1
0 1
0 1
0 1
0 1
0 1
3 1
0 1
0 1
0 1
0 1
0 1
16 1
0 1
0 1
0 1
0 1
0 1
0 1
2 1
14 1
0 1
0 1
42 1
0 1
0 1
0 1
0 1
0 1
3 1
76 1
7 1
0 1
13 1
4 1
25 1
0 1
0 1
0 1
4 1
0 1
0 1
0 1
0 1
0 1
0 1
0 1
0 1
3 1
8 1
0 1
0 1
0 1
0 1
0 1
0 1
1 1
0 1
4 1
0 1
0 1
0 1
0 1
0 1
0 1
0 1
1 1
0 1
0 1
0 1
0 1
0 1
0 1
40 1
0 1
0 1
5 1
1 1
0 1
2 1
0 1
0 1
0 1
0 1
0 1
0 1
0 1
0 1
0 1
0 1
1 1
0 1
6 1
0 1
0 1
0 1
0 1
0 1
0 1
0 1
0 1
0 1
0 1
0 1
0 1
0 1
0 1
0 1
131 1
0 1
0 1
0 1
25 1
0 1
4 1
0 1
0 1
0 1
18 1
0 1
1 1
0 1
0 1
0 1
0 1
0 1
0 1
0 1
0 1
0 1
0 1
0 1
3 1
8 1
0 1
0 1
0 1
0 1
0 1
0 1
3 1
0 1
25 1
0 1
5 1
0 1
0 1
0 1
0 1
0 1
0 1
0 1
0 1
0 1
0 1
0 1
2 1
0 1
0 1
0 1
0 1
0 1
0 1
0 1
0 1
2 1
0 1
0 1
0 1
0 1
0 1
0 1
0 1
0 1
26 1
0 1
2 1
0 1
0 1
0 1
0 1
0 1
0 1
0 1
0 1
0 1
0 1
6 1
0 1
40 1
0 1
1 1
47 1
0 1
0 1
0 1
0 1
0 1
0 1
0 1
0 1
0 1
0 1
0 1
0 1
22 1
0 1
0 1
0 1
153 1
0 1
0 1
0 1
0 1
0 1
0 1
0 1
2 1
0 1
0 1
0 1
3 1
0 1
0 1
63 1
0 1
0 1
2 1
0 1
41 1
0 1
0 1
0 1
0 1
0 1
0 1
0 1
0 1
0 1
0 1
0 1
0 1
0 1
0 1
0 1
90 1
0 1
0 1
0 1
113 1
0 1
0 1
0 1
0 1
40 1
33 1
0 1
0 1
0 1
0 1
0 1
0 1
2 1
14 1
0 1
0 1
0 1
0 1
0 1
0 1
55 1
0 1
0 1
0 1
0 1
0 1
0 1
0 1
0 1
0 1
0 1
0 1
0 1
0 1
0 1
0 1
0 1
0 1
0 1
1 1
3 1
0 1
0 1
0 1
0 1
0 1
0 1
0 1
0 1
0 1
0 1
0 1
0 1
0 1
30 1
0 1
0 1
0 1
0 1
1 1
0 1
0 1
0 1
0 1
0 1
0 1
0 1
0 1
3 1
0 1
0 1
0 1
0 1
0 1
0 1
0 1
0 1
19 1
0 1
0 1
0 1
0 1
0 1
115 1
6 1
3 1
4 1
0 1
0 1
4 1
0 1
33 1
0 1
0 1
0 1
0 1
0 1
0 1
0 1
0 1
0 1
0 1
0 1
0 1
0 1
0 1
2 1
0 1
0 1
0 1
10 1
0 1
0 1
0 1
1 1
0 1
0 1
0 1
0 1
0 1
0 1
0 1
0 1
4 1
0 1
78 1
0 1
1 1
0 1
0 1
0 1
0 1
0 1
0 1
0 1
12 1
0 1
0 1
0 1
0 1
45 1
0 1
0 1
0 1
0 1
0 1
0 1
0 1
0 1
0 1
0 1
0 1
3 1
0 1
0 1
0 1
1 1
0 1
0 1
0 1
0 1
0 1
0 1
0 1
0 1
0 1
127 1
0 1
0 1
0 1
0 1
0 1
0 1
0 1
0 1
0 1
0 1
11 1
0 1
0 1
3 1
0 1
0 1
0 1
0 1
66 1
0 1
0 1
0 1
0 1
0 1
0 1
0 1
0 1
0 1
0 1
27 1
0 1
19 1
0 1
0 1
0 1
0 1
6 1
0 1
0 1
0 1
0 1
0 1
0 1
0 1
40 1
0 1
0 1
0 1
0 1
0 1
0 1
0 1
0 1
