15 1
0 1
1 1
0 1
3 1
0 1
7 1
0 1
0 1
0 1
0 1
6 1
2 1
0 1
2 1
0 1
0 1
9 1
0 1
4 1
4 1
0 1
5 1
99 1
0 1
0 1
0 1
10 1
0 1
0 1
11 1
0 1
0 1
0 1
2 1
0 1
0 1
0 1
6 1
0 1
40 1
203 1
80 1
2 1
2 1
0 1
2 1
0 1
0 1
1 1
0 1
0 1
1 1
0 1
27 1
0 1
0 1
6 1
1 1
360 1
2 1
0 1
78 1
0 1
3 1
0 1
0 1
0 1
0 1
0 1
18 1
0 1
0 1
0 1
1 1
15 1
0 1
5 1
0 1
1 1
0 1
1 1
0 1
11 1
0 1
0 1
115 1
4 1
3 1
1 1
0 1
0 1
0 1
10 1
94 1
0 1
3 1
0 1
0 1
0 1
1 1
0 1
17 1
7 1
2 1
7 1
0 1
11 1
0 1
0 1
71 1
0 1
0 1
22 1
2 1
50 1
0 1
0 1
0 1
0 1
1 1
21 1
0 1
5 1
0 1
12 1
0 1
1 1
12 1
73 1
39 1
0 1
2 1
0 1
12 1
2 1
4 1
0 1
8 1
3 1
1 1
0 1
12 1
79 1
0 1
0 1
83 1
0 1
4 1
152 1
0 1
0 1
0 1
0 1
1 1
10 1
1 1
26 1
0 1
1 1
2 1
5 1
0 1
1 1
110 1
2 1
6 1
0 1
0 1
0 1
15 1
13 1
0 1
0 1
0 1
0 1
0 1
0 1
11 1
111 1
60 1
0 1
156 1
0 1
21 1
0 1
16 1
0 1
0 1
5 1
0 1
38 1
2 1
1 1
0 1
1 1
0 1
225 1
2 1
0 1
8 1
0 1
61 1
0 1
0 1
8 1
2 1
0 1
0 1
0 1
3 1
0 1
0 1
0 1
7 1
13 1
0 1
0 1
0 1
0 1
0 1
0 1
0 1
2 1
94 1
10 1
0 1
6 1
0 1
4 1
80 1
0 1
0 1
1 1
29 1
0 1
0 1
0 1
0 1
0 1
10 1
0 1
1 1
1 1
1 1
12 1
0 1
0 1
14 1
3 1
18 1
0 1
0 1
45 1
0 1
18 1
5 1
99 1
117 1
52 1
22 1
46 1
9 1
0 1
15 1
0 1
6 1
0 1
7 1
0 1
0 1
0 1
8 1
0 1
9 1
4 1
0 1
6 1
1 1
0 1
0 1
4 1
0 1
0 1
27 1
0 1
37 1
0 1
232 1
0 1
0 1
0 1
5 1
17 1
231 1
0 1
5 1
6 1
6 1
22 1
14 1
0 1
101 1
0 1
0 1
5 1
0 1
0 1
0 1
17 1
221 1
0 1
0 1
37 1
134 1
0 1
0 1
1 1
8 1
9 1
1 1
0 1
87 1
0 1
38 1
0 1
0 1
0 1
0 1
0 1
2 1
0 1
13 1
20 1
6 1
17 1
3 1
2 1
1 1
0 1
18 1
0 1
13 1
16 1
2 1
0 1
30 1
49 1
0 1
42 1
0 1
0 1
0 1
171 1
0 1
0 1
3 1
0 1
16 1
0 1
0 1
41 1
3 1
133 1
0 1
1 1
98 1
1 1
1 1
0 1
0 1
0 1
0 1
0 1
0 1
242 1
8 1
310 1
0 1
46 1
1 1
0 1
0 1
37 1
9 1
0 1
145 1
0 1
104 1
1 1
13 1
0 1
101 1
57 1
0 1
24 1
8 1
0 1
4 1
0 1
0 1
2 1
0 1
0 1
3 1
0 1
0 1
1 1
0 1
24 1
0 1
0 1
8 1
1 1
103 1
0 1
0 1
8 1
26 1
0 1
0 1
5 1
0 1
0 1
0 1
36 1
3 1
0 1
0 1
0 1
0 1
0 1
0 1
0 1
0 1
0 1
39 1
11 1
25 1
38 1
0 1
0 1
5 1
4 1
0 1
0 1
9 1
0 1
0 1
0 1
1 1
25 1
0 1
1 1
0 1
0 1
79 1
126 1
0 1
0 1
7 1
37 1
34 1
2 1
1 1
11 1
0 1
0 1
10 1
0 1
0 1
0 1
71 1
3 1
0 1
0 1
0 1
0 1
0 1
1 1
1 1
2 1
0 1
0 1
87 1
0 1
8 1
0 1
2 1
0 1
0 1
2 1
0 1
13 1
0 1
0 1
4 1
6 1
8 1
7 1
0 1
16 1
3 1
0 1
17 1
0 1
2 1
61 1
60 1
0 1
0 1
1 1
5 1
8 1
17 1
9 1
0 1
0 1
0 1
0 1
1 1
0 1
37 1
0 1
5 1
4 1
2 1
0 1
0 1
0 1
0 1
0 1
10 1
0 1
12 1
20 1
0 1
0 1
9 1
0 1
0 1
12 1
47 1
1 1
0 1
28 1
181 1
49 1
3 1
17 1
35 1
3 1
0 1
8 1
3 1
0 1
2 1
39 1
32 1
116 1
0 1
20 1
2 1
1 1
24 1
0 1
29 1
0 1
0 1
8 1
120 1
138 1
0 1
1 1
17 1
0 1
6 1
0 1
0 1
3 1
0 1
0 1
16 1
0 1
1 1
244 1
7 1
1 1
62 1
31 1
0 1
0 1
0 1
94 1
127 1
13 1
0 1
0 1
0 1
0 1
56 1
3 1
0 1
11 1
0 1
22 1
0 1
49 1
0 1
0 1
131 1
5 1
0 1
4 1
3 1
0 1
98 1
4 1
13 1
3 1
0 1
3 1
16 1
0 1
39 1
1 1
0 1
0 1
0 1
161 1
0 1
0 1
0 1
14 1
0 1
0 1
0 1
0 1
1 1
0 1
1 1
2 1
0 1
11 1
19 1
45 1
0 1
23 1
2 1
1 1
1 1
6 1
34 1
5 1
27 1
0 1
26 1
27 1
0 1
0 1
85 1
13 1
0 1
63 1
70 1
0 1
159 1
1 1
0 1
0 1
0 1
0 1
12 1
1 1
2 1
0 1
0 1
0 1
0 1
46 1
1 1
0 1
0 1
0 1
0 1
0 1
0 1
0 1
2 1
0 1
0 1
12 1
4 1
0 1
0 1
2 1
6 1
0 1
171 1
0 1
10 1
1 1
3 1
0 1
188 1
123 1
50 1
1 1
0 1
4 1
0 1
79 1
0 1
0 1
2 1
0 1
0 1
13 1
0 1
34 1
0 1
0 1
2 1
0 1
25 1
0 1
1 1
1 1
3 1
0 1
0 1
3 1
168 1
2 1
0 1
0 1
0 1
0 1
0 1
0 1
20 1
1 1
0 1
0 1
1 1
8 1
105 1
48 1
88 1
0 1
13 1
23 1
0 1
6 1
6 1
4 1
0 1
0 1
4 1
9 1
0 1
0 1
11 1
0 1
1 1
0 1
0 1
5 1
80 1
3 1
0 1
8 1
15 1
3 1
10 1
1 1
1 1
2 1
26 1
248 1
5 1
2 1
1 1
9 1
2 1
0 1
0 1
3 1
0 1
9 1
96 1
49 1
7 1
0 1
0 1
0 1
0 1
0 1
2 1
0 1
4 1
19 1
6 1
4 1
0 1
0 1
1 1
1 1
4 1
9 1
4 1
0 1
0 1
32 1
31 1
19 1
12 1
0 1
96 1
21 1
19 1
18 1
0 1
1 1
1 1
2 1
1 1
239 1
0 1
0 1
0 1
0 1
0 1
0 1
0 1
0 1
0 1
0 1
0 1
0 1
4 1
4 1
0 1
7 1
0 1
56 1
0 1
5 1
0 1
0 1
2 1
0 1
214 1
0 1
0 1
16 1
12 1
1 1
2 1
0 1
11 1
3 1
0 1
0 1
8 1
0 1
4 1
0 1
4 1
0 1
5 1
0 1
0 1
6 1
0 1
21 1
0 1
12 1
0 1
2 1
0 1
0 1
0 1
75 1
0 1
0 1
35 1
1 1
0 1
18 1
0 1
194 1
0 1
173 1
101 1
6 1
0 1
0 1
22 1
0 1
0 1
0 1
0 1
1 1
4 1
70 1
0 1
121 1
13 1
0 1
72 1
0 1
2 1
9 1
0 1
0 1
3 1
0 1
0 1
0 1
82 1
0 1
3 1
12 1
0 1
6 1
6 1
0 1
0 1
199 1
12 1
0 1
0 1
15 1
4 1
32 1
0 1
0 1
0 1
14 1
2 1
0 1
0 1
2 1
0 1
0 1
50 1
1 1
7 1
0 1
84 1
25 1
0 1
0 1
0 1
2 1
0 1
1 1
63 1
0 1
125 1
0 1
0 1
91 1
4 1
0 1
25 1
0 1
5 1
0 1
0 1
0 1
0 1
33 1
7 1
6 1
0 1
16 1
172 1
0 1
0 1
9 1
0 1
1 1
5 1
55 1
0 1
6 1
51 1
90 1
0 1
108 1
5 1
0 1
51 1
16 1
0 1
0 1
45 1
0 1
8 1
10 1
3 1
5 1
0 1
2 1
142 1
1 1
0 1
11 1
0 1
0 1
22 1
0 1
0 1
0 1
39 1
0 1
35 1
0 1
0 1
0 1
5 1
0 1
121 1
0 1
2 1
32 1
0 1
0 1
0 1
0 1
33 1
14 1
0 1
0 1
1 1
38 1
0 1
0 1
0 1
1 1
3 1
131 1
0 1
0 1
2 1
31 1
0 1
0 1
0 1
0 1
20 1
0 1
24 1
0 1
15 1
0 1
0 1
0 1
0 1
15 1
25 1
15 1
0 1
4 1
0 1
0 1
0 1
0 1
4 1
0 1
0 1
4 1
1 1
0 1
3 1
9 1
0 1
0 1
183 1
53 1
3 1
0 1
0 1
235 1
1 1
0 1
0 1
2 1
0 1
0 1
0 1
0 1
6 1
8 1
1 1
0 1
106 1
0 1
0 1
3 1
36 1
70 1
0 1
23 1
0 1
0 1
0 1
0 1
17 1
0 1
0 1
8 1
0 1
23 1
9 1
0 1
0 1
2 1
46 1
0 1
0 1
0 1
0 1
3 1
1 1
0 1
0 1
65 1
0 1
18 1
0 1
0 1
10 1
26 1
139 1
0 1
31 1
0 1
0 1
26 1
1 1
0 1
0 1
0 1
0 1
1 1
5 1
0 1
8 1
0 1
1 1
6 1
6 1
2 1
70 1
0 1
3 1
248 1
0 1
24 1
0 1
6 1
0 1
8 1
3 1
0 1
6 1
102 1
37 1
45 1
4 1
27 1
0 1
27 1
1 1
9 1
15 1
12 1
5 1
268 1
0 1
0 1
192 1
1 1
0 1
0 1
36 1
0 1
1 1
0 1
27 1
3 1
0 1
0 1
0 1
0 1
0 1
0 1
0 1
0 1
0 1
6 1
64 1
0 1
199 1
50 1
0 1
0 1
0 1
9 1
0 1
12 1
0 1
30 1
3 1
0 1
0 1
2 1
14 1
93 1
85 1
0 1
5 1
12 1
0 1
0 1
46 1
27 1
0 1
0 1
6 1
0 1
83 1
5 1
0 1
41 1
113 1
0 1
3 1
0 1
2 1
1 1
4 1
5 1
12 1
2 1
0 1
105 1
0 1
0 1
0 1
29 1
1 1
1 1
0 1
0 1
1 1
2 1
68 1
1 1
94 1
0 1
0 1
10 1
44 1
0 1
4 1
0 1
25 1
0 1
0 1
1 1
104 1
26 1
0 1
0 1
7 1
1 1
1 1
28 1
1 1
0 1
3 1
1 1
19 1
0 1
6 1
0 1
0 1
26 1
0 1
84 1
0 1
0 1
0 1
263 1
8 1
6 1
0 1
54 1
0 1
0 1
0 1
62 1
16 1
22 1
0 1
2 1
0 1
20 1
8 1
16 1
0 1
3 1
60 1
0 1
0 1
2 1
0 1
0 1
11 1
0 1
1 1
81 1
5 1
0 1
0 1
4 1
7 1
0 1
0 1
0 1
45 1
0 1
123 1
0 1
4 1
2 1
0 1
3 1
0 1
25 1
0 1
5 1
11 1
66 1
2 1
2 1
7 1
3 1
0 1
0 1
0 1
8 1
18 1
0 1
9 1
0 1
6 1
17 1
16 1
1 1
2 1
0 1
0 1
0 1
0 1
0 1
0 1
0 1
163 1
0 1
32 1
0 1
10 1
49 1
0 1
4 1
18 1
2 1
2 1
0 1
2 1
2 1
28 1
32 1
0 1
0 1
0 1
23 1
3 1
49 1
0 1
0 1
4 1
102 1
0 1
167 1
4 1
8 1
0 1
0 1
10 1
0 1
2 1
160 1
0 1
0 1
0 1
0 1
0 1
0 1
1 1
76 1
0 1
0 1
0 1
0 1
4 1
11 1
0 1
117 1
0 1
16 1
43 1
0 1
0 1
0 1
0 1
0 1
2 1
46 1
5 1
0 1
0 1
1 1
3 1
0 1
49 1
15 1
1 1
0 1
0 1
2 1
117 1
78 1
37 1
0 1
56 1
27 1
2 1
0 1
0 1
0 1
74 1
7 1
0 1
0 1
1 1
0 1
0 1
2 1
0 1
0 1
0 1
4 1
6 1
6 1
33 1
0 1
11 1
0 1
0 1
0 1
0 1
0 1
60 1
66 1
0 1
5 1
0 1
0 1
1 1
0 1
18 1
1 1
4 1
0 1
2 1
0 1
1 1
0 1
0 1
0 1
4 1
8 1
13 1
0 1
0 1
28 1
0 1
1 1
0 1
17 1
0 1
0 1
28 1
5 1
0 1
0 1
0 1
1 1
50 1
95 1
0 1
1 1
80 1
28 1
0 1
14 1
8 1
0 1
2 1
0 1
0 1
20 1
0 1
0 1
0 1
0 1
14 1
0 1
229 1
0 1
1 1
0 1
2 1
0 1
34 1
0 1
0 1
0 1
1 1
40 1
0 1
105 1
44 1
12 1
4 1
0 1
169 1
2 1
0 1
7 1
8 1
0 1
0 1
13 1
2 1
1 1
0 1
0 1
0 1
350 1
0 1
0 1
5 1
0 1
9 1
93 1
0 1
0 1
179 1
5 1
0 1
6 1
0 1
9 1
13 1
14 1
0 1
0 1
0 1
0 1
13 1
0 1
0 1
0 1
0 1
85 1
9 1
0 1
15 1
34 1
0 1
0 1
1 1
13 1
13 1
2 1
0 1
0 1
12 1
33 1
26 1
22 1
0 1
5 1
13 1
0 1
0 1
1 1
0 1
3 1
0 1
97 1
0 1
1 1
0 1
1 1
2 1
0 1
24 1
0 1
0 1
0 1
3 1
17 1
26 1
0 1
0 1
8 1
0 1
0 1
0 1
0 1
2 1
39 1
0 1
2 1
6 1
1 1
0 1
0 1
0 1
0 1
0 1
0 1
0 1
3 1
0 1
0 1
1 1
3 1
0 1
0 1
16 1
6 1
0 1
0 1
0 1
38 1
0 1
5 1
0 1
3 1
9 1
22 1
108 1
8 1
0 1
3 1
0 1
9 1
2 1
1 1
1 1
333 1
0 1
0 1
0 1
0 1
20 1
17 1
21 1
2 1
2 1
0 1
0 1
0 1
0 1
2 1
130 1
15 1
2 1
2 1
27 1
3 1
0 1
117 1
0 1
0 1
0 1
15 1
19 1
1 1
0 1
44 1
0 1
0 1
0 1
0 1
0 1
23 1
7 1
7 1
65 1
80 1
0 1
1 1
126 1
0 1
0 1
0 1
0 1
86 1
0 1
26 1
8 1
8 1
19 1
0 1
0 1
1 1
1 1
1 1
39 1
0 1
0 1
0 1
0 1
0 1
0 1
10 1
0 1
15 1
11 1
1 1
261 1
6 1
1 1
3 1
0 1
1 1
6 1
0 1
25 1
2 1
9 1
10 1
0 1
38 1
119 1
4 1
0 1
13 1
2 1
0 1
0 1
0 1
0 1
0 1
15 1
0 1
0 1
7 1
7 1
0 1
0 1
12 1
6 1
30 1
0 1
7 1
12 1
6 1
16 1
0 1
3 1
3 1
0 1
129 1
5 1
0 1
0 1
1 1
0 1
0 1
15 1
102 1
3 1
19 1
0 1
0 1
6 1
0 1
0 1
0 1
4 1
0 1
3 1
0 1
19 1
0 1
25 1
0 1
0 1
7 1
327 1
0 1
0 1
0 1
11 1
0 1
0 1
0 1
8 1
0 1
117 1
0 1
120 1
45 1
0 1
0 1
0 1
0 1
0 1
3 1
2 1
1 1
77 1
0 1
0 1
0 1
126 1
2 1
1 1
3 1
12 1
28 1
4 1
89 1
192 1
0 1
0 1
36 1
33 1
1 1
0 1
0 1
0 1
0 1
3 1
0 1
0 1
2 1
0 1
0 1
0 1
1 1
0 1
2 1
16 1
0 1
8 1
0 1
0 1
2 1
0 1
25 1
21 1
1 1
8 1
0 1
0 1
4 1
0 1
71 1
7 1
0 1
1 1
1 1
0 1
0 1
28 1
0 1
165 1
0 1
3 1
0 1
5 1
0 1
143 1
0 1
0 1
26 1
0 1
12 1
0 1
4 1
1 1
8 1
0 1
0 1
54 1
20 1
8 1
16 1
0 1
19 1
169 1
0 1
0 1
31 1
4 1
11 1
49 1
0 1
37 1
0 1
0 1
0 1
0 1
13 1
94 1
80 1
0 1
228 1
15 1
0 1
3 1
0 1
4 1
0 1
0 1
204 1
1 1
0 1
0 1
4 1
22 1
4 1
0 1
73 1
0 1
0 1
0 1
6 1
0 1
7 1
0 1
2 1
0 1
1 1
1 1
1 1
0 1
41 1
7 1
0 1
22 1
3 1
0 1
8 1
0 1
0 1
0 1
0 1
0 1
4 1
0 1
1 1
0 1
3 1
0 1
1 1
0 1
0 1
11 1
1 1
0 1
13 1
41 1
0 1
91 1
10 1
0 1
0 1
