10 1
20 1
0 1
45 1
0 1
0 1
3 1
0 1
3 1
1 1
0 1
11 1
2 1
29 1
0 1
1 1
4 1
246 1
1 1
0 1
0 1
0 1
0 1
10 1
130 1
3 1
2 1
1 1
6 1
13 1
233 1
1 1
3 1
16 1
17 1
110 1
60 1
9 1
30 1
0 1
0 1
0 1
0 1
0 1
0 1
119 1
66 1
2 1
14 1
0 1
10 1
1 1
1 1
0 1
2 1
0 1
95 1
33 1
2 1
9 1
0 1
0 1
3 1
0 1
82 1
44 1
32 1
5 1
0 1
0 1
139 1
124 1
132 1
19 1
1 1
7 1
7 1
0 1
118 1
120 1
0 1
0 1
3 1
0 1
69 1
21 1
0 1
0 1
1 1
32 1
31 1
0 1
4 1
0 1
0 1
0 1
6 1
15 1
24 1
91 1
0 1
10 1
0 1
7 1
1 1
56 1
49 1
13 1
0 1
0 1
98 1
26 1
41 1
29 1
2 1
81 1
0 1
2 1
0 1
0 1
62 1
0 1
1 1
0 1
0 1
11 1
1 1
1 1
0 1
4 1
27 1
0 1
0 1
0 1
0 1
0 1
26 1
6 1
22 1
1 1
2 1
17 1
72 1
19 1
163 1
2 1
0 1
26 1
2 1
14 1
3 1
0 1
28 1
35 1
88 1
141 1
114 1
0 1
1 1
1 1
31 1
62 1
4 1
54 1
4 1
1 1
24 1
7 1
18 1
185 1
0 1
0 1
446 1
3 1
32 1
35 1
5 1
0 1
4 1
1 1
2 1
4 1
0 1
2 1
0 1
10 1
1 1
0 1
6 1
28 1
2 1
12 1
0 1
0 1
53 1
50 1
1 1
0 1
11 1
128 1
0 1
46 1
3 1
0 1
11 1
6 1
0 1
22 1
2 1
0 1
0 1
26 1
13 1
0 1
0 1
123 1
5 1
4 1
0 1
0 1
152 1
4 1
0 1
114 1
7 1
112 1
61 1
158 1
8 1
0 1
14 1
35 1
146 1
0 1
61 1
41 1
13 1
64 1
0 1
90 1
1 1
8 1
79 1
34 1
0 1
1 1
0 1
3 1
1 1
0 1
1 1
27 1
0 1
47 1
43 1
31 1
1 1
149 1
101 1
161 1
0 1
154 1
10 1
29 1
0 1
2 1
53 1
2 1
34 1
165 1
92 1
1 1
0 1
0 1
127 1
0 1
118 1
57 1
8 1
0 1
8 1
0 1
1 1
1 1
1 1
1 1
10 1
0 1
44 1
16 1
0 1
1 1
37 1
28 1
0 1
1 1
0 1
0 1
0 1
269 1
49 1
3 1
0 1
0 1
7 1
7 1
6 1
0 1
12 1
154 1
4 1
0 1
0 1
39 1
32 1
127 1
3 1
160 1
6 1
93 1
0 1
17 1
0 1
17 1
2 1
0 1
4 1
0 1
4 1
5 1
19 1
0 1
8 1
118 1
0 1
0 1
0 1
0 1
7 1
0 1
0 1
108 1
2 1
123 1
3 1
4 1
16 1
0 1
13 1
13 1
2 1
0 1
5 1
1 1
0 1
6 1
34 1
1 1
15 1
164 1
0 1
2 1
39 1
1 1
22 1
29 1
1 1
1 1
5 1
0 1
26 1
0 1
0 1
3 1
14 1
5 1
2 1
0 1
9 1
308 1
1 1
5 1
1 1
1 1
0 1
255 1
3 1
16 1
13 1
6 1
6 1
36 1
80 1
7 1
0 1
162 1
0 1
67 1
6 1
9 1
18 1
0 1
73 1
130 1
0 1
0 1
8 1
1 1
38 1
0 1
1 1
0 1
0 1
0 1
39 1
0 1
4 1
13 1
0 1
1 1
19 1
115 1
0 1
65 1
2 1
8 1
2 1
141 1
1 1
2 1
0 1
0 1
4 1
25 1
2 1
30 1
40 1
35 1
7 1
105 1
28 1
143 1
36 1
0 1
5 1
16 1
0 1
4 1
29 1
0 1
0 1
2 1
4 1
15 1
3 1
18 1
31 1
0 1
10 1
10 1
0 1
1 1
23 1
27 1
16 1
1 1
290 1
25 1
0 1
0 1
3 1
0 1
0 1
6 1
8 1
144 1
0 1
24 1
1 1
0 1
220 1
0 1
20 1
1 1
3 1
259 1
0 1
0 1
6 1
0 1
0 1
7 1
3 1
10 1
22 1
0 1
18 1
6 1
59 1
0 1
73 1
7 1
16 1
0 1
0 1
0 1
77 1
130 1
56 1
1 1
0 1
4 1
0 1
15 1
117 1
9 1
5 1
0 1
0 1
0 1
4 1
37 1
16 1
163 1
14 1
0 1
20 1
3 1
25 1
106 1
23 1
12 1
0 1
3 1
19 1
0 1
13 1
192 1
0 1
1 1
7 1
0 1
0 1
1 1
11 1
0 1
9 1
9 1
0 1
11 1
1 1
51 1
6 1
0 1
73 1
59 1
4 1
8 1
75 1
23 1
84 1
1 1
14 1
1 1
5 1
0 1
8 1
0 1
12 1
0 1
9 1
308 1
102 1
0 1
22 1
9 1
6 1
21 1
0 1
5 1
23 1
0 1
2 1
0 1
0 1
0 1
53 1
8 1
204 1
0 1
15 1
16 1
2 1
0 1
13 1
6 1
1 1
14 1
19 1
0 1
85 1
1 1
236 1
151 1
5 1
10 1
25 1
2 1
15 1
0 1
50 1
6 1
17 1
0 1
152 1
0 1
7 1
8 1
5 1
0 1
239 1
1 1
16 1
0 1
1 1
0 1
19 1
8 1
0 1
0 1
2 1
0 1
3 1
5 1
120 1
0 1
1 1
2 1
13 1
1 1
7 1
0 1
0 1
5 1
2 1
15 1
0 1
0 1
1 1
1 1
13 1
0 1
24 1
0 1
0 1
0 1
15 1
2 1
4 1
0 1
52 1
24 1
9 1
208 1
7 1
0 1
64 1
23 1
0 1
8 1
161 1
2 1
6 1
0 1
0 1
38 1
11 1
24 1
17 1
0 1
0 1
104 1
3 1
0 1
21 1
35 1
3 1
1 1
16 1
2 1
0 1
0 1
0 1
70 1
0 1
0 1
0 1
79 1
17 1
1 1
3 1
0 1
0 1
6 1
13 1
0 1
0 1
38 1
2 1
86 1
3 1
0 1
15 1
100 1
0 1
1 1
0 1
0 1
24 1
17 1
14 1
7 1
26 1
54 1
6 1
7 1
0 1
0 1
27 1
21 1
267 1
0 1
0 1
10 1
3 1
5 1
44 1
17 1
377 1
4 1
0 1
8 1
0 1
65 1
63 1
0 1
0 1
0 1
0 1
0 1
0 1
11 1
5 1
0 1
16 1
0 1
27 1
10 1
0 1
146 1
25 1
3 1
6 1
2 1
0 1
1 1
29 1
91 1
0 1
5 1
6 1
0 1
68 1
0 1
1 1
0 1
6 1
1 1
0 1
3 1
3 1
62 1
6 1
0 1
205 1
4 1
5 1
16 1
5 1
0 1
94 1
44 1
1 1
120 1
3 1
80 1
0 1
4 1
0 1
14 1
14 1
0 1
0 1
224 1
23 1
0 1
6 1
0 1
2 1
0 1
4 1
6 1
21 1
6 1
0 1
9 1
24 1
0 1
8 1
1 1
88 1
12 1
4 1
15 1
12 1
0 1
173 1
0 1
1 1
0 1
1 1
0 1
9 1
0 1
2 1
267 1
43 1
59 1
357 1
0 1
62 1
0 1
0 1
0 1
4 1
8 1
2 1
5 1
0 1
0 1
36 1
128 1
12 1
0 1
1 1
0 1
0 1
2 1
0 1
10 1
0 1
18 1
3 1
0 1
17 1
24 1
0 1
5 1
0 1
0 1
2 1
0 1
0 1
8 1
0 1
3 1
12 1
0 1
3 1
24 1
0 1
0 1
0 1
1 1
2 1
31 1
3 1
74 1
4 1
0 1
0 1
37 1
2 1
5 1
0 1
21 1
0 1
2 1
3 1
1 1
36 1
9 1
17 1
0 1
0 1
17 1
7 1
0 1
2 1
18 1
0 1
23 1
5 1
0 1
11 1
0 1
5 1
82 1
90 1
23 1
0 1
57 1
10 1
1 1
0 1
0 1
61 1
234 1
7 1
18 1
6 1
0 1
80 1
3 1
14 1
96 1
17 1
8 1
25 1
2 1
9 1
36 1
2 1
2 1
2 1
0 1
2 1
6 1
15 1
0 1
14 1
27 1
0 1
36 1
26 1
0 1
7 1
125 1
0 1
3 1
6 1
31 1
227 1
0 1
266 1
0 1
0 1
113 1
0 1
0 1
24 1
0 1
57 1
18 1
34 1
5 1
11 1
3 1
24 1
8 1
87 1
30 1
25 1
0 1
18 1
8 1
20 1
22 1
0 1
14 1
5 1
21 1
34 1
43 1
35 1
1 1
20 1
7 1
0 1
82 1
103 1
13 1
0 1
150 1
121 1
0 1
28 1
13 1
35 1
2 1
62 1
0 1
0 1
0 1
1 1
5 1
2 1
0 1
0 1
11 1
3 1
17 1
1 1
9 1
2 1
457 1
0 1
1 1
0 1
0 1
26 1
0 1
0 1
20 1
0 1
0 1
0 1
1 1
71 1
0 1
3 1
17 1
0 1
49 1
0 1
1 1
2 1
8 1
0 1
0 1
10 1
7 1
4 1
63 1
0 1
0 1
152 1
0 1
2 1
2 1
54 1
49 1
0 1
46 1
53 1
2 1
0 1
14 1
213 1
0 1
0 1
11 1
3 1
7 1
0 1
2 1
1 1
18 1
3 1
0 1
80 1
20 1
4 1
18 1
8 1
4 1
10 1
10 1
5 1
32 1
112 1
0 1
0 1
0 1
21 1
0 1
2 1
19 1
0 1
0 1
0 1
0 1
2 1
65 1
1 1
0 1
0 1
1 1
21 1
2 1
4 1
0 1
2 1
0 1
1 1
19 1
4 1
2 1
265 1
2 1
1 1
0 1
0 1
0 1
100 1
4 1
2 1
0 1
7 1
1 1
0 1
17 1
0 1
290 1
0 1
5 1
1 1
1 1
0 1
12 1
7 1
5 1
2 1
1 1
0 1
11 1
73 1
39 1
0 1
4 1
1 1
9 1
9 1
8 1
22 1
7 1
5 1
0 1
5 1
13 1
3 1
0 1
65 1
22 1
8 1
1 1
6 1
0 1
2 1
0 1
0 1
4 1
10 1
0 1
0 1
0 1
0 1
1 1
1 1
8 1
4 1
1 1
11 1
7 1
69 1
1 1
0 1
11 1
79 1
22 1
6 1
30 1
2 1
1 1
0 1
5 1
0 1
6 1
0 1
1 1
15 1
1 1
17 1
0 1
7 1
0 1
0 1
0 1
29 1
0 1
8 1
0 1
19 1
31 1
0 1
67 1
2 1
30 1
289 1
3 1
0 1
4 1
7 1
0 1
25 1
15 1
1 1
39 1
0 1
4 1
3 1
0 1
0 1
0 1
64 1
9 1
0 1
3 1
51 1
4 1
12 1
2 1
6 1
5 1
0 1
0 1
10 1
0 1
4 1
2 1
0 1
57 1
25 1
0 1
0 1
0 1
57 1
92 1
19 1
65 1
0 1
2 1
1 1
5 1
8 1
1 1
15 1
61 1
3 1
27 1
0 1
6 1
10 1
0 1
205 1
22 1
0 1
0 1
45 1
25 1
0 1
7 1
0 1
126 1
0 1
0 1
0 1
0 1
8 1
10 1
18 1
0 1
11 1
40 1
1 1
0 1
0 1
0 1
1 1
9 1
13 1
128 1
0 1
8 1
86 1
13 1
0 1
28 1
0 1
0 1
341 1
2 1
16 1
156 1
31 1
6 1
5 1
30 1
5 1
49 1
0 1
9 1
75 1
20 1
0 1
0 1
0 1
1 1
4 1
92 1
64 1
0 1
51 1
2 1
0 1
0 1
0 1
82 1
1 1
1 1
166 1
2 1
6 1
0 1
13 1
0 1
1 1
0 1
0 1
0 1
0 1
1 1
18 1
0 1
1 1
2 1
0 1
0 1
23 1
0 1
0 1
0 1
8 1
0 1
1 1
3 1
5 1
0 1
0 1
51 1
2 1
34 1
37 1
0 1
31 1
0 1
0 1
0 1
0 1
0 1
19 1
27 1
0 1
146 1
0 1
4 1
47 1
21 1
0 1
0 1
4 1
1 1
33 1
2 1
98 1
8 1
27 1
4 1
10 1
20 1
3 1
232 1
0 1
24 1
0 1
199 1
4 1
1 1
8 1
1 1
44 1
39 1
0 1
0 1
6 1
38 1
0 1
1 1
18 1
0 1
16 1
74 1
123 1
335 1
16 1
1 1
3 1
10 1
6 1
6 1
86 1
293 1
7 1
0 1
27 1
170 1
9 1
3 1
24 1
0 1
0 1
1 1
15 1
19 1
0 1
3 1
1 1
3 1
10 1
8 1
0 1
5 1
2 1
0 1
2 1
3 1
21 1
0 1
54 1
105 1
0 1
17 1
0 1
16 1
38 1
0 1
119 1
0 1
22 1
22 1
28 1
0 1
8 1
1 1
10 1
1 1
0 1
62 1
0 1
1 1
11 1
0 1
0 1
2 1
290 1
29 1
0 1
17 1
2 1
0 1
214 1
0 1
153 1
0 1
32 1
1 1
7 1
25 1
3 1
24 1
27 1
0 1
341 1
6 1
4 1
30 1
23 1
3 1
2 1
368 1
69 1
2 1
0 1
77 1
6 1
147 1
2 1
125 1
16 1
3 1
74 1
22 1
4 1
0 1
3 1
1 1
2 1
7 1
37 1
11 1
6 1
4 1
20 1
1 1
0 1
0 1
41 1
1 1
0 1
2 1
0 1
0 1
33 1
27 1
1 1
10 1
95 1
0 1
15 1
19 1
21 1
0 1
0 1
0 1
243 1
3 1
9 1
24 1
44 1
4 1
120 1
206 1
0 1
0 1
8 1
10 1
98 1
0 1
0 1
68 1
35 1
52 1
13 1
1 1
0 1
1 1
0 1
11 1
106 1
212 1
32 1
0 1
25 1
1 1
4 1
152 1
9 1
25 1
4 1
1 1
36 1
0 1
0 1
43 1
4 1
0 1
22 1
18 1
0 1
0 1
0 1
1 1
18 1
9 1
4 1
80 1
10 1
1 1
0 1
0 1
7 1
22 1
0 1
11 1
11 1
34 1
1 1
45 1
0 1
24 1
87 1
0 1
1 1
35 1
5 1
9 1
0 1
3 1
1 1
0 1
8 1
42 1
0 1
0 1
3 1
3 1
7 1
5 1
12 1
0 1
3 1
1 1
1 1
0 1
1 1
52 1
0 1
6 1
2 1
0 1
44 1
0 1
0 1
13 1
6 1
77 1
4 1
0 1
3 1
0 1
13 1
0 1
1 1
0 1
0 1
55 1
60 1
126 1
8 1
0 1
4 1
0 1
285 1
6 1
2 1
0 1
0 1
0 1
13 1
20 1
1 1
0 1
29 1
2 1
10 1
5 1
0 1
2 1
10 1
72 1
4 1
0 1
4 1
16 1
1 1
23 1
0 1
71 1
2 1
0 1
14 1
0 1
0 1
1 1
21 1
48 1
20 1
324 1
10 1
0 1
99 1
0 1
0 1
20 1
0 1
37 1
0 1
20 1
22 1
0 1
124 1
3 1
0 1
0 1
9 1
0 1
52 1
0 1
7 1
6 1
4 1
0 1
0 1
103 1
2 1
9 1
4 1
11 1
0 1
0 1
23 1
0 1
2 1
0 1
1 1
9 1
1 1
56 1
0 1
2 1
11 1
0 1
354 1
11 1
1 1
0 1
13 1
0 1
2 1
2 1
65 1
1 1
23 1
3 1
0 1
1 1
78 1
1 1
70 1
1 1
37 1
103 1
411 1
2 1
0 1
164 1
1 1
0 1
409 1
22 1
2 1
0 1
55 1
0 1
0 1
0 1
0 1
0 1
5 1
8 1
0 1
240 1
13 1
10 1
351 1
53 1
0 1
0 1
2 1
5 1
3 1
0 1
120 1
40 1
1 1
2 1
1 1
0 1
92 1
27 1
28 1
1 1
11 1
4 1
2 1
241 1
3 1
94 1
21 1
0 1
0 1
28 1
6 1
0 1
2 1
5 1
1 1
3 1
0 1
251 1
21 1
44 1
31 1
18 1
40 1
0 1
0 1
0 1
0 1
0 1
18 1
8 1
0 1
0 1
168 1
61 1
0 1
0 1
1 1
9 1
16 1
3 1
1 1
0 1
6 1
26 1
12 1
239 1
1 1
0 1
0 1
4 1
0 1
2 1
118 1
0 1
102 1
17 1
32 1
13 1
0 1
26 1
3 1
0 1
0 1
0 1
2 1
0 1
0 1
289 1
136 1
49 1
0 1
49 1
342 1
0 1
0 1
4 1
208 1
0 1
288 1
2 1
4 1
76 1
10 1
81 1
1 1
10 1
0 1
132 1
1 1
80 1
23 1
0 1
4 1
239 1
2 1
5 1
21 1
1 1
0 1
0 1
51 1
0 1
5 1
1 1
0 1
4 1
18 1
0 1
22 1
0 1
0 1
1 1
3 1
0 1
2 1
0 1
0 1
11 1
34 1
12 1
0 1
6 1
0 1
17 1
0 1
0 1
2 1
42 1
15 1
0 1
0 1
0 1
1 1
23 1
0 1
28 1
5 1
7 1
32 1
0 1
77 1
0 1
52 1
0 1
0 1
1 1
0 1
0 1
3 1
37 1
0 1
10 1
11 1
0 1
71 1
280 1
9 1
10 1
13 1
0 1
0 1
183 1
3 1
0 1
0 1
8 1
1 1
0 1
1 1
2 1
70 1
159 1
123 1
20 1
3 1
23 1
7 1
1 1
127 1
11 1
23 1
15 1
68 1
25 1
94 1
1 1
0 1
2 1
