6 1
0 1
234 1
0 1
0 1
204 1
0 1
2 1
2 1
0 1
1 1
192 1
0 1
0 1
6 1
0 1
11 1
1 1
17 1
28 1
0 1
16 1
17 1
0 1
0 1
16 1
33 1
124 1
0 1
17 1
42 1
1 1
0 1
16 1
14 1
10 1
0 1
132 1
0 1
3 1
0 1
0 1
7 1
247 1
6 1
11 1
2 1
6 1
79 1
0 1
0 1
61 1
0 1
7 1
4 1
3 1
0 1
1 1
25 1
1 1
15 1
0 1
0 1
1 1
157 1
5 1
10 1
0 1
0 1
53 1
11 1
41 1
17 1
0 1
2 1
0 1
0 1
60 1
0 1
66 1
0 1
9 1
0 1
21 1
7 1
9 1
0 1
89 1
0 1
8 1
6 1
0 1
7 1
11 1
0 1
1 1
44 1
78 1
11 1
37 1
38 1
11 1
0 1
0 1
24 1
0 1
0 1
258 1
0 1
106 1
0 1
155 1
15 1
1 1
0 1
0 1
0 1
7 1
1 1
0 1
2 1
27 1
30 1
0 1
181 1
6 1
65 1
2 1
0 1
5 1
101 1
5 1
0 1
40 1
63 1
1 1
3 1
18 1
18 1
12 1
0 1
4 1
30 1
72 1
13 1
10 1
0 1
8 1
2 1
26 1
0 1
13 1
6 1
10 1
53 1
12 1
92 1
181 1
2 1
40 1
186 1
3 1
24 1
135 1
1 1
256 1
0 1
3 1
7 1
0 1
5 1
19 1
2 1
1 1
2 1
0 1
3 1
9 1
0 1
4 1
21 1
7 1
27 1
1 1
5 1
0 1
51 1
1 1
0 1
200 1
3 1
66 1
0 1
16 1
0 1
132 1
0 1
147 1
0 1
2 1
8 1
1 1
9 1
166 1
18 1
0 1
0 1
25 1
0 1
1 1
0 1
3 1
0 1
0 1
0 1
0 1
6 1
0 1
39 1
1 1
11 1
90 1
1 1
0 1
41 1
2 1
9 1
2 1
1 1
8 1
17 1
0 1
0 1
29 1
2 1
13 1
94 1
1 1
22 1
0 1
19 1
0 1
21 1
0 1
3 1
3 1
21 1
226 1
0 1
0 1
0 1
38 1
0 1
2 1
0 1
1 1
0 1
7 1
0 1
44 1
35 1
5 1
45 1
12 1
1 1
66 1
105 1
11 1
17 1
127 1
0 1
6 1
0 1
220 1
147 1
8 1
2 1
6 1
2 1
1 1
74 1
0 1
87 1
2 1
21 1
3 1
29 1
22 1
0 1
0 1
42 1
24 1
20 1
0 1
10 1
0 1
1 1
9 1
51 1
20 1
25 1
0 1
14 1
5 1
90 1
1 1
1 1
2 1
0 1
25 1
0 1
11 1
3 1
0 1
5 1
1 1
7 1
0 1
5 1
0 1
0 1
4 1
0 1
0 1
0 1
0 1
0 1
7 1
15 1
4 1
14 1
21 1
1 1
20 1
8 1
0 1
0 1
0 1
1 1
14 1
310 1
3 1
1 1
4 1
0 1
11 1
9 1
2 1
4 1
2 1
8 1
2 1
0 1
8 1
0 1
0 1
99 1
2 1
4 1
0 1
4 1
6 1
0 1
163 1
0 1
2 1
12 1
8 1
144 1
3 1
2 1
0 1
0 1
5 1
15 1
27 1
14 1
4 1
25 1
76 1
2 1
2 1
0 1
51 1
31 1
4 1
1 1
48 1
0 1
38 1
0 1
52 1
0 1
0 1
1 1
4 1
0 1
48 1
78 1
258 1
0 1
0 1
44 1
0 1
0 1
33 1
8 1
16 1
3 1
4 1
7 1
4 1
1 1
317 1
0 1
6 1
0 1
0 1
2 1
16 1
1 1
0 1
21 1
0 1
0 1
62 1
0 1
1 1
0 1
2 1
1 1
22 1
68 1
70 1
24 1
0 1
8 1
3 1
0 1
0 1
0 1
3 1
25 1
24 1
40 1
0 1
0 1
2 1
8 1
0 1
0 1
22 1
193 1
23 1
92 1
0 1
153 1
86 1
0 1
0 1
0 1
5 1
0 1
0 1
3 1
0 1
20 1
10 1
133 1
1 1
91 1
4 1
67 1
13 1
7 1
0 1
7 1
1 1
9 1
1 1
5 1
38 1
0 1
115 1
4 1
0 1
0 1
104 1
6 1
5 1
99 1
0 1
56 1
0 1
0 1
186 1
0 1
5 1
5 1
6 1
0 1
0 1
12 1
0 1
0 1
0 1
101 1
0 1
113 1
17 1
2 1
1 1
9 1
29 1
0 1
7 1
184 1
0 1
0 1
93 1
6 1
0 1
15 1
37 1
4 1
290 1
3 1
4 1
33 1
44 1
65 1
4 1
1 1
7 1
50 1
7 1
23 1
1 1
0 1
74 1
24 1
18 1
0 1
17 1
0 1
0 1
1 1
0 1
1 1
146 1
0 1
25 1
24 1
102 1
0 1
0 1
0 1
120 1
74 1
0 1
169 1
0 1
0 1
6 1
0 1
5 1
6 1
0 1
10 1
16 1
0 1
7 1
0 1
1 1
2 1
123 1
0 1
7 1
15 1
3 1
7 1
10 1
1 1
3 1
0 1
2 1
12 1
9 1
4 1
12 1
16 1
0 1
2 1
30 1
66 1
99 1
34 1
25 1
0 1
0 1
0 1
2 1
16 1
31 1
0 1
0 1
7 1
0 1
10 1
3 1
1 1
0 1
5 1
0 1
3 1
0 1
0 1
16 1
347 1
4 1
2 1
5 1
100 1
0 1
2 1
6 1
4 1
86 1
1 1
8 1
180 1
0 1
0 1
11 1
9 1
291 1
0 1
41 1
5 1
0 1
0 1
140 1
5 1
0 1
5 1
2 1
16 1
4 1
0 1
12 1
62 1
0 1
24 1
22 1
10 1
1 1
2 1
0 1
0 1
69 1
8 1
11 1
0 1
0 1
0 1
2 1
130 1
6 1
1 1
52 1
0 1
13 1
102 1
1 1
11 1
73 1
314 1
226 1
20 1
6 1
1 1
2 1
26 1
3 1
32 1
0 1
0 1
6 1
7 1
17 1
143 1
63 1
31 1
1 1
31 1
77 1
0 1
5 1
3 1
0 1
123 1
15 1
20 1
18 1
0 1
0 1
0 1
1 1
5 1
11 1
79 1
6 1
57 1
25 1
0 1
0 1
131 1
0 1
0 1
12 1
0 1
1 1
0 1
0 1
0 1
148 1
34 1
0 1
46 1
0 1
80 1
0 1
0 1
0 1
0 1
51 1
0 1
0 1
277 1
0 1
171 1
0 1
12 1
9 1
0 1
0 1
10 1
2 1
5 1
0 1
37 1
0 1
0 1
0 1
2 1
34 1
15 1
19 1
0 1
68 1
2 1
0 1
5 1
49 1
2 1
1 1
81 1
151 1
1 1
0 1
0 1
70 1
8 1
0 1
1 1
0 1
4 1
0 1
0 1
17 1
9 1
2 1
5 1
252 1
2 1
271 1
1 1
0 1
85 1
36 1
2 1
3 1
30 1
30 1
0 1
1 1
44 1
0 1
299 1
0 1
0 1
19 1
0 1
3 1
0 1
21 1
102 1
0 1
11 1
39 1
9 1
116 1
105 1
0 1
2 1
8 1
0 1
122 1
0 1
1 1
120 1
13 1
16 1
0 1
214 1
1 1
11 1
0 1
0 1
5 1
0 1
7 1
151 1
2 1
0 1
0 1
50 1
0 1
36 1
0 1
0 1
24 1
15 1
175 1
25 1
2 1
26 1
9 1
0 1
21 1
3 1
2 1
10 1
65 1
34 1
5 1
108 1
1 1
1 1
0 1
14 1
9 1
1 1
17 1
2 1
278 1
0 1
3 1
0 1
35 1
37 1
1 1
22 1
77 1
7 1
0 1
4 1
57 1
29 1
1 1
151 1
0 1
2 1
23 1
5 1
10 1
27 1
0 1
0 1
2 1
13 1
1 1
0 1
0 1
4 1
0 1
4 1
0 1
1 1
3 1
34 1
72 1
20 1
15 1
0 1
0 1
13 1
15 1
25 1
0 1
2 1
3 1
0 1
2 1
0 1
0 1
0 1
83 1
0 1
23 1
12 1
185 1
0 1
1 1
0 1
0 1
38 1
24 1
0 1
29 1
3 1
0 1
12 1
14 1
67 1
3 1
16 1
19 1
1 1
0 1
7 1
0 1
20 1
88 1
0 1
0 1
1 1
0 1
0 1
0 1
0 1
135 1
148 1
169 1
3 1
0 1
1 1
29 1
0 1
18 1
8 1
10 1
47 1
0 1
74 1
5 1
3 1
9 1
26 1
1 1
3 1
2 1
0 1
104 1
2 1
0 1
97 1
296 1
2 1
23 1
14 1
5 1
6 1
21 1
0 1
16 1
1 1
2 1
249 1
0 1
120 1
62 1
14 1
50 1
103 1
69 1
5 1
30 1
4 1
3 1
15 1
231 1
17 1
0 1
0 1
27 1
16 1
3 1
22 1
3 1
0 1
54 1
0 1
2 1
9 1
0 1
19 1
0 1
0 1
0 1
3 1
14 1
0 1
0 1
1 1
11 1
0 1
170 1
0 1
0 1
73 1
168 1
0 1
0 1
98 1
18 1
62 1
0 1
11 1
2 1
20 1
8 1
0 1
1 1
3 1
1 1
143 1
3 1
18 1
0 1
1 1
12 1
1 1
103 1
1 1
25 1
0 1
0 1
3 1
61 1
82 1
6 1
238 1
5 1
0 1
16 1
41 1
0 1
5 1
4 1
0 1
0 1
0 1
134 1
0 1
8 1
47 1
22 1
43 1
0 1
19 1
0 1
5 1
10 1
0 1
0 1
0 1
5 1
0 1
0 1
8 1
22 1
27 1
11 1
234 1
158 1
3 1
51 1
8 1
3 1
0 1
0 1
115 1
10 1
202 1
28 1
12 1
1 1
37 1
0 1
23 1
9 1
20 1
0 1
2 1
21 1
0 1
0 1
1 1
146 1
56 1
123 1
0 1
0 1
150 1
0 1
3 1
0 1
0 1
14 1
0 1
0 1
0 1
0 1
94 1
0 1
1 1
0 1
44 1
0 1
87 1
55 1
13 1
53 1
0 1
21 1
1 1
3 1
7 1
14 1
46 1
0 1
3 1
302 1
3 1
3 1
4 1
1 1
10 1
1 1
0 1
29 1
2 1
118 1
1 1
0 1
0 1
19 1
70 1
17 1
4 1
0 1
3 1
23 1
361 1
1 1
0 1
0 1
0 1
12 1
22 1
6 1
63 1
0 1
13 1
4 1
44 1
128 1
1 1
7 1
0 1
0 1
1 1
56 1
0 1
44 1
122 1
0 1
3 1
0 1
0 1
0 1
89 1
63 1
0 1
0 1
0 1
108 1
0 1
90 1
0 1
11 1
208 1
9 1
48 1
59 1
27 1
111 1
39 1
3 1
1 1
8 1
20 1
0 1
0 1
12 1
77 1
105 1
19 1
110 1
7 1
0 1
0 1
6 1
0 1
1 1
0 1
22 1
50 1
0 1
3 1
10 1
10 1
0 1
63 1
0 1
30 1
0 1
3 1
45 1
0 1
0 1
0 1
1 1
0 1
67 1
0 1
0 1
0 1
1 1
1 1
0 1
14 1
0 1
14 1
5 1
13 1
3 1
0 1
0 1
6 1
33 1
53 1
1 1
10 1
0 1
0 1
0 1
0 1
6 1
0 1
15 1
47 1
21 1
0 1
2 1
0 1
10 1
78 1
15 1
12 1
96 1
72 1
71 1
33 1
17 1
0 1
10 1
9 1
0 1
0 1
0 1
5 1
33 1
10 1
0 1
217 1
0 1
0 1
1 1
0 1
10 1
26 1
0 1
27 1
160 1
61 1
60 1
73 1
0 1
1 1
0 1
217 1
3 1
0 1
0 1
0 1
0 1
17 1
123 1
61 1
0 1
3 1
160 1
0 1
6 1
0 1
3 1
17 1
96 1
34 1
0 1
0 1
1 1
9 1
1 1
0 1
10 1
1 1
10 1
1 1
39 1
0 1
44 1
31 1
228 1
0 1
2 1
43 1
0 1
0 1
0 1
2 1
12 1
9 1
67 1
1 1
0 1
8 1
21 1
13 1
3 1
0 1
37 1
101 1
0 1
0 1
0 1
9 1
3 1
0 1
3 1
0 1
0 1
0 1
0 1
0 1
11 1
318 1
22 1
0 1
16 1
2 1
191 1
4 1
0 1
4 1
0 1
9 1
1 1
4 1
0 1
7 1
0 1
41 1
0 1
0 1
12 1
15 1
14 1
12 1
17 1
10 1
4 1
46 1
7 1
0 1
2 1
3 1
0 1
4 1
44 1
0 1
50 1
8 1
0 1
0 1
3 1
35 1
2 1
0 1
31 1
0 1
5 1
0 1
245 1
2 1
2 1
100 1
0 1
0 1
19 1
0 1
44 1
0 1
92 1
0 1
0 1
1 1
0 1
0 1
12 1
0 1
12 1
28 1
118 1
15 1
0 1
2 1
64 1
0 1
0 1
0 1
0 1
0 1
0 1
32 1
9 1
1 1
0 1
14 1
3 1
0 1
0 1
0 1
0 1
13 1
27 1
2 1
0 1
46 1
0 1
2 1
0 1
3 1
33 1
0 1
45 1
2 1
0 1
242 1
3 1
3 1
0 1
7 1
0 1
7 1
4 1
2 1
0 1
159 1
0 1
0 1
137 1
212 1
0 1
2 1
0 1
5 1
0 1
0 1
262 1
6 1
5 1
12 1
80 1
110 1
33 1
1 1
36 1
3 1
0 1
3 1
121 1
197 1
14 1
0 1
0 1
3 1
0 1
42 1
34 1
0 1
0 1
0 1
0 1
28 1
95 1
7 1
2 1
117 1
0 1
19 1
0 1
0 1
0 1
26 1
65 1
0 1
22 1
2 1
0 1
0 1
0 1
0 1
2 1
0 1
8 1
393 1
0 1
154 1
5 1
0 1
0 1
0 1
0 1
110 1
3 1
4 1
249 1
2 1
0 1
70 1
0 1
6 1
193 1
3 1
2 1
0 1
51 1
2 1
39 1
227 1
3 1
4 1
0 1
0 1
49 1
81 1
0 1
2 1
25 1
15 1
0 1
22 1
3 1
12 1
13 1
0 1
215 1
12 1
0 1
0 1
39 1
0 1
2 1
46 1
1 1
315 1
22 1
0 1
0 1
6 1
45 1
1 1
35 1
17 1
0 1
8 1
19 1
2 1
0 1
6 1
120 1
0 1
57 1
205 1
6 1
20 1
18 1
40 1
34 1
4 1
17 1
0 1
4 1
0 1
31 1
27 1
0 1
0 1
30 1
0 1
2 1
10 1
68 1
137 1
0 1
12 1
21 1
1 1
16 1
14 1
1 1
24 1
13 1
9 1
0 1
106 1
3 1
27 1
98 1
0 1
3 1
10 1
2 1
84 1
11 1
17 1
18 1
0 1
0 1
4 1
0 1
41 1
52 1
7 1
0 1
185 1
54 1
0 1
16 1
0 1
0 1
9 1
1 1
3 1
0 1
0 1
2 1
3 1
30 1
2 1
0 1
19 1
0 1
18 1
21 1
0 1
0 1
16 1
10 1
0 1
0 1
113 1
70 1
43 1
41 1
26 1
34 1
18 1
2 1
0 1
0 1
65 1
1 1
434 1
19 1
0 1
12 1
0 1
0 1
3 1
0 1
6 1
1 1
2 1
133 1
0 1
0 1
9 1
4 1
0 1
19 1
5 1
0 1
52 1
0 1
0 1
0 1
0 1
2 1
27 1
106 1
9 1
4 1
2 1
1 1
2 1
4 1
3 1
96 1
0 1
0 1
0 1
184 1
23 1
7 1
0 1
0 1
28 1
43 1
0 1
1 1
38 1
185 1
0 1
128 1
4 1
36 1
0 1
0 1
25 1
102 1
110 1
7 1
0 1
18 1
6 1
81 1
0 1
56 1
14 1
0 1
1 1
13 1
0 1
33 1
13 1
0 1
8 1
7 1
17 1
2 1
1 1
0 1
3 1
35 1
0 1
12 1
3 1
99 1
8 1
286 1
0 1
0 1
0 1
11 1
2 1
20 1
12 1
0 1
62 1
148 1
7 1
0 1
6 1
0 1
77 1
0 1
30 1
25 1
5 1
6 1
0 1
0 1
0 1
4 1
120 1
55 1
0 1
133 1
140 1
136 1
78 1
15 1
24 1
115 1
7 1
25 1
90 1
0 1
3 1
0 1
0 1
28 1
101 1
1 1
1 1
70 1
15 1
0 1
0 1
0 1
9 1
0 1
0 1
2 1
0 1
0 1
0 1
9 1
57 1
0 1
112 1
94 1
19 1
2 1
13 1
77 1
46 1
0 1
23 1
0 1
0 1
0 1
52 1
10 1
0 1
0 1
1 1
20 1
0 1
36 1
31 1
0 1
27 1
2 1
0 1
0 1
2 1
10 1
0 1
17 1
0 1
0 1
6 1
11 1
29 1
11 1
149 1
36 1
1 1
7 1
2 1
2 1
1 1
22 1
4 1
0 1
72 1
0 1
0 1
38 1
0 1
6 1
1 1
1 1
8 1
9 1
0 1
0 1
45 1
0 1
2 1
17 1
0 1
0 1
17 1
5 1
0 1
0 1
0 1
240 1
17 1
5 1
0 1
6 1
44 1
29 1
11 1
21 1
158 1
0 1
1 1
12 1
2 1
0 1
40 1
0 1
26 1
1 1
4 1
6 1
260 1
4 1
0 1
225 1
0 1
3 1
5 1
0 1
261 1
8 1
0 1
123 1
2 1
64 1
1 1
0 1
208 1
0 1
2 1
0 1
3 1
10 1
5 1
0 1
21 1
0 1
3 1
0 1
0 1
3 1
0 1
119 1
11 1
0 1
1 1
0 1
12 1
0 1
16 1
0 1
262 1
0 1
0 1
6 1
84 1
1 1
