3 1
0 1
0 1
0 1
0 1
0 1
0 1
120 1
0 1
2 1
0 1
0 1
3 1
0 1
6 1
6 1
0 1
4 1
0 1
0 1
0 1
1 1
0 1
0 1
1 1
0 1
0 1
0 1
0 1
0 1
0 1
0 1
0 1
1 1
0 1
0 1
68 1
10 1
0 1
2 1
0 1
0 1
14 1
0 1
19 1
7 1
3 1
0 1
0 1
0 1
63 1
14 1
0 1
58 1
1 1
0 1
9 1
1 1
4 1
2 1
1 1
1 1
0 1
26 1
2 1
0 1
0 1
10 1
83 1
0 1
8 1
0 1
0 1
2 1
0 1
0 1
12 1
1 1
0 1
4 1
0 1
0 1
10 1
52 1
0 1
0 1
4 1
5 1
0 1
0 1
4 1
7 1
1 1
0 1
0 1
0 1
0 1
0 1
20 1
0 1
2 1
98 1
16 1
2 1
7 1
0 1
0 1
0 1
15 1
0 1
0 1
38 1
0 1
0 1
7 1
6 1
0 1
0 1
3 1
0 1
29 1
0 1
0 1
2 1
0 1
3 1
0 1
0 1
4 1
0 1
0 1
0 1
0 1
0 1
1 1
0 1
0 1
7 1
1 1
0 1
0 1
0 1
1 1
0 1
0 1
2 1
2 1
0 1
0 1
1 1
0 1
3 1
0 1
2 1
20 1
4 1
0 1
0 1
1 1
8 1
0 1
1 1
4 1
0 1
0 1
28 1
0 1
0 1
0 1
1 1
0 1
0 1
0 1
0 1
426 1
1 1
2 1
0 1
0 1
17 1
2 1
1 1
0 1
0 1
0 1
6 1
5 1
0 1
0 1
0 1
2 1
66 1
0 1
0 1
1 1
0 1
28 1
11 1
1 1
0 1
9 1
0 1
2 1
1 1
0 1
0 1
44 1
0 1
0 1
0 1
8 1
0 1
0 1
7 1
0 1
0 1
10 1
2 1
0 1
1 1
0 1
0 1
0 1
0 1
0 1
0 1
0 1
0 1
20 1
24 1
0 1
4 1
0 1
6 1
1 1
15 1
0 1
0 1
0 1
0 1
0 1
0 1
0 1
0 1
17 1
20 1
0 1
15 1
0 1
9 1
0 1
0 1
0 1
47 1
0 1
1 1
1 1
8 1
0 1
6 1
0 1
35 1
0 1
18 1
0 1
0 1
0 1
0 1
3 1
2 1
32 1
29 1
0 1
3 1
0 1
1 1
1 1
346 1
0 1
30 1
1 1
4 1
14 1
0 1
0 1
4 1
0 1
0 1
0 1
1 1
0 1
7 1
1 1
0 1
0 1
0 1
14 1
0 1
7 1
0 1
3 1
0 1
0 1
37 1
0 1
0 1
0 1
1 1
1 1
1 1
0 1
1 1
33 1
0 1
1 1
0 1
45 1
48 1
0 1
13 1
0 1
0 1
1 1
0 1
10 1
0 1
0 1
0 1
0 1
4 1
3 1
0 1
3 1
0 1
0 1
10 1
3 1
0 1
1 1
0 1
0 1
0 1
27 1
1 1
0 1
0 1
0 1
1 1
12 1
13 1
5 1
0 1
0 1
0 1
1 1
0 1
12 1
2 1
0 1
2 1
0 1
0 1
0 1
1 1
0 1
1 1
1 1
0 1
0 1
12 1
21 1
13 1
1 1
5 1
12 1
0 1
0 1
0 1
1 1
0 1
0 1
0 1
0 1
0 1
0 1
7 1
0 1
0 1
0 1
4 1
0 1
0 1
1 1
0 1
14 1
2 1
9 1
0 1
0 1
0 1
18 1
0 1
2 1
117 1
0 1
10 1
0 1
0 1
5 1
0 1
36 1
0 1
6 1
5 1
0 1
5 1
0 1
0 1
0 1
0 1
0 1
19 1
4 1
0 1
0 1
122 1
13 1
0 1
11 1
1 1
0 1
0 1
0 1
2 1
0 1
4 1
4 1
9 1
0 1
0 1
0 1
0 1
11 1
0 1
3 1
106 1
1 1
13 1
0 1
2 1
5 1
301 1
8 1
1 1
3 1
0 1
6 1
4 1
0 1
108 1
26 1
0 1
0 1
1 1
0 1
36 1
0 1
0 1
2 1
11 1
0 1
13 1
23 1
6 1
0 1
1 1
0 1
1 1
0 1
0 1
195 1
0 1
0 1
6 1
0 1
0 1
0 1
0 1
0 1
13 1
1 1
2 1
3 1
0 1
0 1
0 1
2 1
1 1
0 1
15 1
0 1
0 1
45 1
0 1
0 1
0 1
1 1
0 1
0 1
1 1
0 1
45 1
0 1
6 1
0 1
4 1
0 1
0 1
0 1
0 1
1 1
0 1
0 1
8 1
0 1
2 1
0 1
0 1
0 1
1 1
0 1
7 1
0 1
19 1
0 1
0 1
0 1
25 1
13 1
0 1
22 1
0 1
0 1
0 1
3 1
28 1
0 1
13 1
1 1
2 1
5 1
0 1
2 1
3 1
0 1
0 1
8 1
0 1
0 1
0 1
1 1
0 1
0 1
3 1
3 1
0 1
2 1
0 1
0 1
0 1
0 1
2 1
22 1
6 1
1 1
0 1
0 1
0 1
0 1
2 1
0 1
5 1
8 1
0 1
0 1
0 1
0 1
1 1
48 1
1 1
3 1
0 1
0 1
0 1
3 1
0 1
0 1
5 1
2 1
0 1
0 1
0 1
0 1
37 1
52 1
69 1
0 1
13 1
0 1
0 1
0 1
4 1
45 1
19 1
0 1
0 1
4 1
5 1
0 1
0 1
2 1
0 1
0 1
1 1
0 1
3 1
0 1
0 1
0 1
0 1
2 1
0 1
0 1
19 1
1 1
0 1
14 1
2 1
0 1
0 1
0 1
0 1
2 1
0 1
1 1
0 1
0 1
0 1
76 1
0 1
9 1
0 1
0 1
1 1
0 1
0 1
8 1
0 1
0 1
3 1
6 1
1 1
0 1
0 1
9 1
5 1
0 1
0 1
0 1
0 1
1 1
0 1
0 1
0 1
6 1
0 1
8 1
0 1
0 1
0 1
0 1
4 1
0 1
0 1
1 1
0 1
3 1
10 1
0 1
19 1
0 1
1 1
12 1
0 1
1 1
12 1
1 1
0 1
34 1
0 1
0 1
0 1
4 1
5 1
0 1
4 1
0 1
1 1
36 1
1 1
0 1
7 1
0 1
0 1
0 1
7 1
3 1
0 1
3 1
0 1
0 1
0 1
27 1
0 1
38 1
0 1
5 1
5 1
0 1
0 1
1 1
8 1
0 1
0 1
0 1
0 1
0 1
0 1
0 1
0 1
0 1
0 1
0 1
2 1
0 1
0 1
70 1
0 1
6 1
0 1
0 1
0 1
0 1
0 1
8 1
0 1
0 1
3 1
3 1
17 1
74 1
73 1
63 1
0 1
1 1
0 1
34 1
0 1
0 1
1 1
4 1
0 1
2 1
0 1
0 1
0 1
0 1
0 1
0 1
4 1
4 1
3 1
25 1
0 1
17 1
0 1
0 1
2 1
0 1
1 1
0 1
0 1
0 1
0 1
5 1
0 1
0 1
5 1
2 1
0 1
4 1
0 1
0 1
0 1
3 1
0 1
2 1
0 1
0 1
0 1
1 1
8 1
0 1
0 1
0 1
1 1
0 1
1 1
97 1
0 1
3 1
0 1
22 1
0 1
1 1
0 1
0 1
2 1
0 1
8 1
0 1
1 1
0 1
8 1
1 1
2 1
6 1
0 1
1 1
0 1
4 1
0 1
2 1
0 1
1 1
0 1
5 1
0 1
43 1
23 1
280 1
0 1
0 1
4 1
1 1
0 1
0 1
0 1
4 1
0 1
37 1
0 1
0 1
0 1
3 1
40 1
9 1
1 1
7 1
0 1
7 1
0 1
3 1
0 1
4 1
0 1
0 1
0 1
1 1
0 1
0 1
0 1
7 1
22 1
0 1
2 1
1 1
0 1
8 1
17 1
0 1
0 1
0 1
0 1
0 1
3 1
0 1
1 1
103 1
2 1
0 1
0 1
0 1
99 1
0 1
0 1
0 1
0 1
11 1
0 1
0 1
0 1
0 1
0 1
0 1
0 1
0 1
0 1
1 1
6 1
0 1
0 1
0 1
2 1
2 1
0 1
2 1
0 1
0 1
5 1
4 1
2 1
4 1
0 1
0 1
90 1
0 1
0 1
24 1
3 1
2 1
0 1
1 1
0 1
0 1
0 1
67 1
6 1
0 1
1 1
0 1
0 1
0 1
0 1
13 1
0 1
14 1
0 1
0 1
0 1
0 1
0 1
0 1
0 1
0 1
7 1
10 1
9 1
1 1
0 1
15 1
0 1
0 1
0 1
5 1
10 1
0 1
0 1
94 1
0 1
0 1
5 1
0 1
0 1
0 1
0 1
0 1
0 1
0 1
1 1
0 1
0 1
3 1
16 1
0 1
0 1
2 1
0 1
55 1
0 1
1 1
14 1
0 1
0 1
1 1
0 1
0 1
1 1
0 1
76 1
0 1
0 1
14 1
54 1
3 1
0 1
0 1
24 1
0 1
107 1
37 1
0 1
0 1
12 1
0 1
0 1
0 1
54 1
0 1
27 1
0 1
2 1
0 1
0 1
0 1
54 1
45 1
3 1
1 1
0 1
0 1
1 1
2 1
168 1
0 1
0 1
3 1
0 1
3 1
0 1
8 1
0 1
0 1
2 1
4 1
9 1
0 1
5 1
6 1
0 1
0 1
0 1
0 1
2 1
10 1
10 1
62 1
0 1
2 1
0 1
0 1
2 1
0 1
0 1
0 1
41 1
0 1
0 1
0 1
59 1
0 1
0 1
0 1
0 1
0 1
0 1
1 1
0 1
0 1
40 1
2 1
16 1
46 1
0 1
0 1
0 1
0 1
0 1
2 1
3 1
18 1
0 1
42 1
56 1
0 1
0 1
0 1
0 1
0 1
1 1
0 1
51 1
2 1
22 1
3 1
0 1
0 1
0 1
0 1
0 1
1 1
20 1
2 1
2 1
0 1
0 1
1 1
3 1
28 1
17 1
0 1
0 1
73 1
0 1
7 1
1 1
23 1
3 1
12 1
0 1
0 1
9 1
0 1
0 1
11 1
0 1
23 1
0 1
5 1
49 1
0 1
43 1
0 1
23 1
0 1
0 1
2 1
3 1
16 1
0 1
0 1
6 1
4 1
0 1
0 1
0 1
0 1
1 1
0 1
1 1
0 1
6 1
14 1
0 1
0 1
125 1
0 1
68 1
0 1
8 1
0 1
0 1
0 1
0 1
0 1
4 1
3 1
0 1
0 1
0 1
0 1
0 1
6 1
11 1
0 1
36 1
0 1
3 1
0 1
0 1
3 1
1 1
7 1
0 1
0 1
0 1
0 1
0 1
0 1
0 1
0 1
0 1
1 1
2 1
2 1
0 1
0 1
1 1
13 1
0 1
0 1
0 1
0 1
19 1
0 1
1 1
59 1
18 1
2 1
0 1
0 1
0 1
0 1
21 1
0 1
0 1
0 1
1 1
7 1
0 1
1 1
12 1
28 1
8 1
60 1
2 1
0 1
0 1
0 1
0 1
1 1
12 1
0 1
1 1
8 1
11 1
0 1
0 1
0 1
0 1
36 1
1 1
0 1
0 1
3 1
0 1
9 1
0 1
0 1
0 1
0 1
0 1
0 1
39 1
0 1
0 1
0 1
0 1
0 1
1 1
0 1
4 1
4 1
2 1
0 1
0 1
3 1
17 1
1 1
0 1
0 1
1 1
0 1
0 1
0 1
14 1
0 1
3 1
0 1
0 1
14 1
0 1
0 1
7 1
0 1
0 1
0 1
8 1
3 1
0 1
0 1
1 1
1 1
3 1
0 1
0 1
0 1
0 1
1 1
0 1
1 1
0 1
0 1
4 1
0 1
10 1
0 1
0 1
0 1
0 1
0 1
0 1
0 1
2 1
0 1
0 1
10 1
5 1
0 1
3 1
2 1
1 1
2 1
8 1
0 1
4 1
2 1
0 1
0 1
5 1
0 1
1 1
0 1
0 1
0 1
4 1
1 1
1 1
14 1
0 1
4 1
0 1
0 1
2 1
0 1
8 1
1 1
0 1
2 1
2 1
6 1
24 1
0 1
0 1
0 1
0 1
0 1
1 1
0 1
6 1
0 1
0 1
0 1
46 1
0 1
16 1
0 1
1 1
0 1
0 1
5 1
0 1
0 1
52 1
1 1
2 1
34 1
0 1
1 1
49 1
0 1
1 1
0 1
4 1
22 1
55 1
0 1
7 1
0 1
3 1
58 1
0 1
6 1
4 1
9 1
0 1
46 1
19 1
0 1
1 1
7 1
9 1
0 1
0 1
78 1
0 1
2 1
0 1
8 1
1 1
3 1
0 1
0 1
12 1
5 1
0 1
0 1
0 1
0 1
0 1
0 1
1 1
1 1
12 1
7 1
0 1
0 1
1 1
0 1
0 1
0 1
0 1
0 1
1 1
0 1
17 1
0 1
0 1
0 1
3 1
1 1
0 1
1 1
0 1
6 1
0 1
0 1
0 1
0 1
7 1
0 1
14 1
2 1
0 1
0 1
1 1
0 1
0 1
0 1
0 1
27 1
0 1
0 1
0 1
5 1
25 1
0 1
0 1
3 1
0 1
0 1
0 1
9 1
0 1
0 1
3 1
2 1
1 1
0 1
0 1
0 1
0 1
5 1
1 1
0 1
1 1
1 1
1 1
38 1
0 1
65 1
125 1
0 1
231 1
0 1
2 1
3 1
0 1
0 1
0 1
1 1
0 1
0 1
3 1
0 1
0 1
1 1
0 1
0 1
0 1
4 1
0 1
0 1
0 1
0 1
42 1
0 1
6 1
39 1
0 1
0 1
0 1
0 1
4 1
0 1
0 1
2 1
0 1
0 1
19 1
0 1
0 1
1 1
0 1
4 1
0 1
0 1
0 1
0 1
3 1
12 1
3 1
26 1
1 1
0 1
0 1
0 1
5 1
0 1
27 1
1 1
12 1
0 1
53 1
0 1
0 1
56 1
5 1
4 1
0 1
4 1
0 1
0 1
4 1
7 1
0 1
1 1
4 1
16 1
0 1
0 1
0 1
0 1
0 1
5 1
0 1
1 1
7 1
0 1
2 1
0 1
5 1
0 1
0 1
52 1
9 1
1 1
0 1
0 1
7 1
5 1
8 1
0 1
0 1
0 1
0 1
19 1
0 1
0 1
1 1
0 1
110 1
17 1
0 1
0 1
6 1
0 1
105 1
0 1
0 1
1 1
4 1
32 1
1 1
0 1
0 1
0 1
0 1
0 1
39 1
0 1
0 1
0 1
1 1
0 1
4 1
0 1
1 1
0 1
24 1
17 1
0 1
1 1
0 1
7 1
1 1
0 1
1 1
7 1
0 1
4 1
0 1
0 1
0 1
0 1
0 1
0 1
0 1
8 1
9 1
0 1
1 1
11 1
19 1
0 1
1 1
5 1
1 1
8 1
7 1
0 1
1 1
0 1
1 1
0 1
8 1
14 1
2 1
0 1
0 1
0 1
0 1
1 1
0 1
7 1
2 1
0 1
0 1
0 1
40 1
0 1
0 1
0 1
0 1
3 1
0 1
0 1
0 1
0 1
14 1
0 1
1 1
0 1
2 1
0 1
3 1
0 1
0 1
2 1
0 1
0 1
0 1
0 1
0 1
3 1
24 1
0 1
16 1
0 1
0 1
4 1
58 1
0 1
3 1
6 1
0 1
0 1
0 1
0 1
6 1
0 1
6 1
29 1
0 1
0 1
4 1
0 1
192 1
1 1
0 1
0 1
0 1
1 1
0 1
6 1
0 1
0 1
4 1
0 1
0 1
1 1
4 1
94 1
1 1
0 1
0 1
38 1
3 1
0 1
0 1
11 1
1 1
0 1
11 1
0 1
0 1
2 1
3 1
0 1
4 1
0 1
4 1
1 1
3 1
0 1
1 1
0 1
19 1
0 1
2 1
1 1
0 1
6 1
0 1
0 1
0 1
3 1
1 1
34 1
0 1
0 1
19 1
5 1
0 1
7 1
0 1
0 1
0 1
0 1
0 1
3 1
1 1
0 1
1 1
2 1
0 1
0 1
2 1
1 1
17 1
5 1
0 1
61 1
13 1
1 1
0 1
0 1
26 1
0 1
0 1
47 1
0 1
1 1
2 1
0 1
0 1
0 1
0 1
0 1
0 1
1 1
2 1
0 1
0 1
2 1
0 1
0 1
1 1
0 1
0 1
12 1
0 1
6 1
18 1
0 1
0 1
0 1
0 1
0 1
8 1
0 1
0 1
0 1
6 1
0 1
26 1
1 1
2 1
44 1
3 1
1 1
0 1
0 1
0 1
0 1
0 1
2 1
0 1
0 1
1 1
0 1
0 1
0 1
0 1
0 1
14 1
77 1
2 1
0 1
9 1
0 1
0 1
0 1
45 1
115 1
11 1
1 1
0 1
47 1
1 1
0 1
0 1
1 1
0 1
4 1
1 1
0 1
2 1
0 1
12 1
1 1
0 1
9 1
0 1
1 1
0 1
1 1
14 1
2 1
8 1
0 1
0 1
4 1
0 1
0 1
1 1
0 1
0 1
0 1
0 1
0 1
0 1
0 1
0 1
4 1
0 1
1 1
0 1
0 1
1 1
5 1
0 1
0 1
108 1
0 1
2 1
0 1
7 1
0 1
0 1
0 1
0 1
0 1
1 1
0 1
47 1
0 1
0 1
79 1
0 1
98 1
37 1
0 1
3 1
0 1
0 1
31 1
0 1
0 1
7 1
10 1
14 1
1 1
0 1
2 1
0 1
0 1
3 1
64 1
5 1
0 1
0 1
4 1
3 1
0 1
0 1
0 1
10 1
4 1
2 1
4 1
2 1
0 1
28 1
80 1
15 1
13 1
0 1
4 1
5 1
