4 1
0 1
4 1
0 1
0 1
0 1
131 1
0 1
0 1
0 1
0 1
0 1
0 1
0 1
0 1
0 1
36 1
0 1
0 1
0 1
0 1
20 1
0 1
0 1
5 1
7 1
7 1
0 1
0 1
3 1
31 1
181 1
0 1
0 1
0 1
0 1
0 1
0 1
0 1
0 1
0 1
0 1
0 1
2 1
3 1
0 1
0 1
0 1
2 1
1 1
0 1
0 1
62 1
7 1
0 1
8 1
0 1
0 1
0 1
0 1
0 1
1 1
0 1
0 1
82 1
0 1
19 1
50 1
0 1
1 1
0 1
0 1
4 1
0 1
10 1
0 1
0 1
0 1
1 1
0 1
0 1
8 1
1 1
0 1
0 1
2 1
0 1
37 1
48 1
0 1
0 1
0 1
0 1
0 1
196 1
21 1
10 1
0 1
0 1
33 1
1 1
10 1
0 1
0 1
0 1
27 1
0 1
53 1
36 1
0 1
0 1
31 1
0 1
0 1
2 1
0 1
0 1
0 1
0 1
0 1
0 1
0 1
0 1
0 1
95 1
2 1
0 1
0 1
31 1
3 1
0 1
58 1
1 1
12 1
0 1
0 1
0 1
0 1
17 1
0 1
0 1
0 1
0 1
1 1
0 1
4 1
0 1
3 1
0 1
1 1
3 1
0 1
0 1
0 1
0 1
0 1
0 1
3 1
14 1
2 1
0 1
0 1
0 1
3 1
0 1
34 1
0 1
0 1
2 1
0 1
0 1
0 1
0 1
1 1
0 1
8 1
0 1
0 1
0 1
0 1
0 1
2 1
2 1
0 1
39 1
7 1
1 1
6 1
0 1
0 1
0 1
0 1
0 1
0 1
11 1
0 1
1 1
0 1
0 1
0 1
0 1
1 1
0 1
1 1
0 1
0 1
226 1
1 1
0 1
1 1
0 1
2 1
44 1
0 1
1 1
0 1
0 1
0 1
2 1
0 1
0 1
0 1
0 1
0 1
0 1
0 1
0 1
0 1
0 1
0 1
0 1
0 1
0 1
0 1
5 1
0 1
0 1
0 1
0 1
0 1
1 1
1 1
0 1
1 1
0 1
15 1
0 1
0 1
0 1
39 1
237 1
0 1
0 1
0 1
20 1
0 1
4 1
0 1
1 1
0 1
1 1
0 1
2 1
0 1
0 1
0 1
0 1
20 1
0 1
0 1
34 1
4 1
0 1
0 1
0 1
116 1
1 1
2 1
26 1
0 1
6 1
0 1
0 1
21 1
0 1
0 1
0 1
38 1
0 1
0 1
55 1
20 1
0 1
0 1
0 1
0 1
0 1
29 1
0 1
5 1
0 1
0 1
0 1
6 1
0 1
0 1
4 1
12 1
6 1
0 1
5 1
0 1
0 1
0 1
0 1
0 1
17 1
0 1
0 1
0 1
6 1
0 1
0 1
0 1
0 1
0 1
0 1
0 1
1 1
18 1
1 1
0 1
10 1
7 1
26 1
6 1
0 1
0 1
0 1
0 1
27 1
0 1
0 1
0 1
0 1
36 1
0 1
17 1
0 1
2 1
0 1
0 1
0 1
0 1
8 1
0 1
0 1
0 1
5 1
3 1
0 1
2 1
0 1
2 1
1 1
12 1
0 1
0 1
0 1
5 1
0 1
0 1
0 1
0 1
11 1
0 1
44 1
0 1
0 1
32 1
49 1
0 1
21 1
153 1
0 1
0 1
0 1
1 1
0 1
2 1
2 1
3 1
0 1
0 1
42 1
0 1
18 1
0 1
0 1
19 1
0 1
0 1
0 1
3 1
0 1
0 1
0 1
0 1
0 1
1 1
1 1
0 1
7 1
0 1
28 1
1 1
98 1
0 1
0 1
68 1
0 1
0 1
0 1
0 1
90 1
0 1
13 1
8 1
0 1
24 1
243 1
0 1
0 1
86 1
0 1
0 1
0 1
0 1
9 1
0 1
0 1
0 1
1 1
0 1
0 1
0 1
23 1
0 1
0 1
4 1
0 1
0 1
0 1
3 1
0 1
3 1
0 1
2 1
1 1
12 1
0 1
0 1
0 1
9 1
0 1
0 1
0 1
0 1
128 1
0 1
0 1
19 1
0 1
8 1
0 1
41 1
0 1
0 1
8 1
0 1
0 1
20 1
0 1
4 1
0 1
6 1
3 1
0 1
0 1
0 1
2 1
0 1
0 1
10 1
1 1
19 1
2 1
0 1
2 1
0 1
0 1
0 1
0 1
0 1
0 1
0 1
4 1
4 1
0 1
0 1
0 1
0 1
0 1
0 1
87 1
0 1
0 1
0 1
0 1
0 1
0 1
0 1
79 1
0 1
0 1
7 1
6 1
2 1
0 1
0 1
0 1
120 1
0 1
2 1
180 1
4 1
0 1
9 1
11 1
3 1
0 1
0 1
0 1
55 1
0 1
20 1
0 1
0 1
0 1
0 1
0 1
1 1
0 1
16 1
3 1
2 1
0 1
3 1
6 1
0 1
4 1
9 1
10 1
27 1
0 1
0 1
0 1
2 1
0 1
27 1
3 1
33 1
0 1
13 1
0 1
0 1
0 1
0 1
0 1
0 1
43 1
0 1
0 1
41 1
0 1
7 1
39 1
0 1
0 1
0 1
91 1
0 1
16 1
0 1
0 1
1 1
0 1
0 1
48 1
2 1
7 1
22 1
0 1
2 1
5 1
0 1
12 1
0 1
26 1
22 1
8 1
0 1
0 1
0 1
0 1
0 1
0 1
22 1
0 1
53 1
0 1
40 1
0 1
0 1
0 1
0 1
9 1
0 1
0 1
0 1
0 1
0 1
0 1
0 1
24 1
0 1
2 1
1 1
4 1
10 1
0 1
0 1
0 1
29 1
0 1
0 1
0 1
3 1
8 1
0 1
0 1
0 1
3 1
0 1
0 1
0 1
0 1
4 1
0 1
0 1
0 1
0 1
1 1
6 1
44 1
2 1
0 1
11 1
0 1
5 1
0 1
0 1
0 1
0 1
0 1
0 1
5 1
0 1
5 1
1 1
2 1
0 1
49 1
0 1
0 1
28 1
0 1
11 1
0 1
0 1
0 1
0 1
0 1
0 1
0 1
0 1
2 1
0 1
0 1
0 1
0 1
1 1
0 1
5 1
0 1
16 1
0 1
0 1
11 1
0 1
0 1
0 1
0 1
0 1
2 1
38 1
0 1
47 1
0 1
96 1
0 1
0 1
0 1
3 1
151 1
0 1
37 1
1 1
0 1
0 1
36 1
0 1
4 1
12 1
0 1
3 1
0 1
0 1
0 1
0 1
4 1
2 1
0 1
0 1
0 1
0 1
52 1
6 1
1 1
0 1
0 1
0 1
0 1
0 1
6 1
120 1
5 1
2 1
0 1
0 1
1 1
0 1
168 1
0 1
0 1
0 1
0 1
0 1
0 1
114 1
0 1
0 1
0 1
0 1
0 1
5 1
53 1
0 1
0 1
1 1
5 1
1 1
1 1
0 1
0 1
123 1
0 1
7 1
0 1
5 1
7 1
375 1
0 1
3 1
0 1
0 1
59 1
0 1
0 1
0 1
0 1
51 1
2 1
4 1
83 1
0 1
0 1
0 1
0 1
334 1
0 1
2 1
0 1
0 1
2 1
53 1
0 1
0 1
34 1
101 1
0 1
4 1
0 1
0 1
3 1
0 1
0 1
47 1
0 1
0 1
90 1
6 1
25 1
10 1
29 1
0 1
0 1
1 1
0 1
0 1
0 1
1 1
4 1
0 1
14 1
0 1
0 1
0 1
0 1
0 1
0 1
1 1
0 1
0 1
0 1
0 1
0 1
0 1
24 1
7 1
0 1
0 1
17 1
0 1
2 1
0 1
0 1
47 1
1 1
7 1
0 1
26 1
0 1
1 1
7 1
18 1
0 1
109 1
53 1
8 1
0 1
0 1
0 1
0 1
0 1
0 1
0 1
0 1
0 1
0 1
0 1
0 1
0 1
0 1
0 1
0 1
7 1
0 1
0 1
170 1
0 1
0 1
3 1
0 1
1 1
11 1
0 1
1 1
2 1
0 1
0 1
0 1
0 1
0 1
19 1
0 1
0 1
5 1
6 1
10 1
0 1
7 1
426 1
0 1
27 1
0 1
0 1
0 1
0 1
0 1
65 1
0 1
0 1
14 1
0 1
1 1
0 1
26 1
0 1
46 1
0 1
0 1
0 1
1 1
12 1
40 1
0 1
0 1
0 1
0 1
0 1
0 1
0 1
0 1
0 1
20 1
62 1
0 1
0 1
0 1
0 1
0 1
0 1
0 1
0 1
0 1
30 1
0 1
0 1
2 1
0 1
2 1
229 1
0 1
6 1
0 1
0 1
8 1
0 1
0 1
0 1
0 1
8 1
0 1
12 1
0 1
0 1
37 1
0 1
7 1
0 1
0 1
0 1
0 1
0 1
8 1
20 1
0 1
0 1
55 1
0 1
135 1
0 1
0 1
0 1
0 1
0 1
0 1
0 1
0 1
0 1
0 1
0 1
5 1
71 1
0 1
0 1
87 1
0 1
0 1
0 1
0 1
0 1
0 1
1 1
0 1
0 1
0 1
0 1
0 1
0 1
0 1
0 1
0 1
0 1
59 1
0 1
10 1
0 1
0 1
0 1
0 1
11 1
16 1
326 1
0 1
47 1
0 1
7 1
1 1
0 1
3 1
0 1
0 1
0 1
0 1
35 1
0 1
11 1
0 1
7 1
12 1
2 1
31 1
0 1
0 1
0 1
1 1
0 1
1 1
5 1
0 1
0 1
0 1
0 1
0 1
0 1
12 1
0 1
0 1
14 1
0 1
136 1
0 1
0 1
0 1
0 1
0 1
2 1
0 1
0 1
72 1
0 1
0 1
32 1
4 1
0 1
55 1
0 1
1 1
6 1
23 1
0 1
2 1
0 1
0 1
0 1
2 1
0 1
1 1
0 1
0 1
25 1
0 1
0 1
9 1
2 1
0 1
0 1
0 1
5 1
98 1
4 1
0 1
103 1
0 1
24 1
8 1
1 1
90 1
0 1
0 1
120 1
0 1
0 1
28 1
0 1
165 1
0 1
0 1
20 1
7 1
0 1
93 1
31 1
0 1
2 1
151 1
0 1
0 1
1 1
0 1
0 1
0 1
1 1
1 1
0 1
1 1
19 1
45 1
1 1
0 1
1 1
1 1
0 1
0 1
0 1
0 1
0 1
0 1
0 1
0 1
0 1
0 1
0 1
4 1
0 1
0 1
1 1
0 1
0 1
0 1
0 1
60 1
0 1
124 1
9 1
0 1
0 1
1 1
0 1
0 1
0 1
8 1
0 1
0 1
0 1
0 1
0 1
0 1
6 1
0 1
1 1
0 1
0 1
2 1
0 1
0 1
0 1
8 1
0 1
0 1
0 1
13 1
4 1
0 1
0 1
0 1
2 1
3 1
0 1
7 1
0 1
0 1
1 1
0 1
0 1
0 1
0 1
34 1
0 1
0 1
0 1
3 1
29 1
10 1
7 1
2 1
0 1
7 1
3 1
0 1
0 1
0 1
0 1
49 1
0 1
23 1
0 1
11 1
13 1
0 1
0 1
0 1
0 1
0 1
0 1
0 1
1 1
0 1
8 1
2 1
0 1
24 1
0 1
0 1
0 1
0 1
40 1
0 1
45 1
0 1
19 1
0 1
0 1
2 1
0 1
56 1
0 1
0 1
0 1
4 1
0 1
0 1
48 1
159 1
37 1
1 1
0 1
0 1
0 1
0 1
0 1
0 1
0 1
0 1
0 1
1 1
0 1
0 1
0 1
0 1
0 1
0 1
144 1
0 1
55 1
2 1
1 1
0 1
0 1
92 1
0 1
0 1
3 1
0 1
0 1
0 1
0 1
0 1
0 1
0 1
0 1
4 1
1 1
0 1
0 1
0 1
0 1
8 1
0 1
0 1
3 1
0 1
0 1
1 1
0 1
0 1
5 1
2 1
0 1
7 1
12 1
0 1
0 1
0 1
0 1
0 1
83 1
23 1
0 1
2 1
0 1
0 1
169 1
4 1
2 1
56 1
0 1
0 1
0 1
4 1
1 1
2 1
0 1
0 1
0 1
3 1
0 1
0 1
6 1
0 1
0 1
5 1
7 1
4 1
0 1
10 1
0 1
0 1
0 1
0 1
71 1
25 1
0 1
68 1
0 1
0 1
6 1
0 1
0 1
0 1
2 1
0 1
0 1
5 1
3 1
0 1
0 1
95 1
0 1
1 1
0 1
0 1
4 1
53 1
2 1
10 1
48 1
107 1
0 1
0 1
32 1
2 1
0 1
0 1
0 1
5 1
0 1
0 1
0 1
0 1
0 1
0 1
0 1
1 1
0 1
306 1
0 1
0 1
0 1
0 1
0 1
26 1
3 1
8 1
0 1
4 1
0 1
4 1
3 1
2 1
0 1
24 1
10 1
0 1
8 1
0 1
2 1
0 1
0 1
3 1
0 1
0 1
0 1
0 1
13 1
0 1
0 1
20 1
0 1
0 1
0 1
0 1
0 1
58 1
0 1
8 1
0 1
0 1
12 1
0 1
0 1
0 1
0 1
0 1
0 1
17 1
5 1
22 1
0 1
0 1
0 1
0 1
207 1
1 1
0 1
0 1
0 1
6 1
140 1
1 1
96 1
5 1
0 1
0 1
0 1
0 1
0 1
42 1
0 1
0 1
0 1
0 1
3 1
0 1
6 1
44 1
0 1
0 1
0 1
0 1
0 1
0 1
0 1
0 1
0 1
0 1
5 1
0 1
11 1
1 1
0 1
7 1
6 1
0 1
1 1
0 1
0 1
0 1
0 1
0 1
0 1
0 1
0 1
0 1
1 1
0 1
0 1
0 1
4 1
0 1
1 1
0 1
1 1
2 1
267 1
0 1
0 1
0 1
0 1
0 1
0 1
0 1
0 1
35 1
0 1
0 1
72 1
0 1
0 1
0 1
0 1
0 1
0 1
94 1
14 1
0 1
0 1
0 1
0 1
0 1
166 1
50 1
19 1
6 1
0 1
0 1
3 1
94 1
0 1
34 1
2 1
0 1
0 1
15 1
0 1
50 1
0 1
0 1
0 1
0 1
0 1
0 1
0 1
0 1
0 1
0 1
0 1
7 1
1 1
0 1
0 1
0 1
3 1
4 1
0 1
0 1
2 1
4 1
0 1
0 1
0 1
0 1
0 1
122 1
0 1
0 1
2 1
0 1
0 1
6 1
77 1
3 1
0 1
0 1
0 1
0 1
0 1
0 1
10 1
0 1
0 1
0 1
0 1
0 1
7 1
43 1
1 1
0 1
2 1
0 1
0 1
67 1
0 1
5 1
10 1
0 1
23 1
0 1
3 1
4 1
0 1
0 1
0 1
1 1
0 1
0 1
0 1
0 1
0 1
0 1
0 1
0 1
0 1
0 1
5 1
60 1
2 1
0 1
0 1
0 1
0 1
0 1
0 1
0 1
2 1
0 1
0 1
0 1
2 1
0 1
0 1
0 1
5 1
0 1
1 1
0 1
0 1
0 1
5 1
0 1
0 1
0 1
0 1
12 1
0 1
0 1
3 1
0 1
0 1
0 1
1 1
0 1
0 1
5 1
0 1
0 1
0 1
0 1
0 1
2 1
18 1
0 1
0 1
40 1
0 1
0 1
0 1
50 1
0 1
5 1
5 1
0 1
0 1
0 1
5 1
1 1
26 1
0 1
0 1
0 1
18 1
0 1
0 1
11 1
0 1
11 1
0 1
0 1
0 1
0 1
0 1
3 1
38 1
29 1
0 1
1 1
0 1
0 1
0 1
0 1
90 1
5 1
0 1
0 1
0 1
0 1
0 1
2 1
0 1
1 1
0 1
0 1
0 1
0 1
0 1
1 1
0 1
1 1
2 1
31 1
0 1
0 1
0 1
0 1
0 1
0 1
2 1
0 1
0 1
107 1
30 1
0 1
0 1
24 1
11 1
361 1
0 1
360 1
5 1
0 1
0 1
63 1
12 1
2 1
4 1
0 1
0 1
0 1
0 1
0 1
0 1
0 1
0 1
0 1
0 1
0 1
7 1
1 1
0 1
140 1
0 1
0 1
0 1
0 1
0 1
14 1
34 1
0 1
58 1
0 1
0 1
23 1
0 1
0 1
0 1
0 1
6 1
0 1
2 1
0 1
23 1
0 1
0 1
0 1
0 1
0 1
0 1
37 1
0 1
0 1
0 1
0 1
11 1
0 1
0 1
2 1
0 1
0 1
0 1
1 1
0 1
0 1
5 1
54 1
100 1
3 1
4 1
0 1
0 1
4 1
0 1
0 1
0 1
1 1
1 1
0 1
0 1
0 1
0 1
0 1
1 1
3 1
0 1
0 1
5 1
0 1
0 1
107 1
12 1
0 1
14 1
20 1
1 1
0 1
0 1
0 1
4 1
0 1
1 1
4 1
0 1
10 1
0 1
0 1
0 1
7 1
0 1
0 1
0 1
0 1
57 1
0 1
0 1
0 1
0 1
17 1
4 1
0 1
0 1
31 1
0 1
0 1
11 1
0 1
1 1
0 1
1 1
0 1
229 1
0 1
0 1
0 1
0 1
0 1
0 1
0 1
0 1
0 1
3 1
16 1
0 1
0 1
0 1
0 1
0 1
2 1
0 1
0 1
6 1
114 1
0 1
0 1
0 1
11 1
0 1
12 1
0 1
0 1
0 1
0 1
8 1
0 1
0 1
11 1
0 1
0 1
0 1
3 1
0 1
0 1
0 1
3 1
0 1
0 1
17 1
0 1
43 1
37 1
16 1
0 1
0 1
0 1
0 1
0 1
3 1
1 1
0 1
112 1
2 1
0 1
0 1
0 1
0 1
1 1
1 1
10 1
0 1
0 1
0 1
2 1
0 1
3 1
0 1
22 1
10 1
0 1
1 1
10 1
