0.07412227930633952
0.039355019760738255
0.02330804244186128
0.0478489025633417
0.039500339816234076
0.059953407519797476
0.11934965098178633
0.06615436374635415
0.058648708420075774
0.05341124733388605
0.06008636083951018
0.07138615060309819
0.058256515841737036
0.08816536620578266
0.07483440848068691
0.06719296128917236
0.0639510076721119
0.06541832652954226
0.05909269054561123
0.07908812375044992
0.03825856367919109
0.10033379364806078
0.05849074964001502
0.06092577062161907
0.10288331008273092
0.081454649540838
0.0749903727555211
0.052943713704064393
0.06541120101915111
0.08582910215638681
0.08134984253190997
0.12680515939219553
0.07592984725383954
0.07230078170587795
0.03783795309500281
0.06448016759625473
0.06255606402501827
0.07202175696834638
0.08510689493254799
0.056691549142369436
0.0625332768757318
0.04662728489038408
0.0856656156323757
0.057075643538729404
0.10253864340520236
0.03921397379231943
0.06972660187805178
0.05401177970756144
0.10420766303980948
0.04084927255137299
0.06098261369830529
0.07369303020015307
0.1020066372056729
0.06895660319848487
0.050634465227128424
0.07593612041509705
0.07052073358492718
0.04817933046263602
0.08856331385553667
0.08146376277701974
0.03791085439887207
0.06431388432720352
0.05872310376202889
0.061238118238269766
0.11790866351435196
0.06021562704056321
0.07368224187977361
0.044725688131165814
0.03914036816757267
0.05310375450924111
0.07346967480539525
0.04400574857455065
0.0370107974906394
0.06754673655936594
0.15031502287836043
0.09106686319680721
0.083256491421203
0.07730631945258801
0.0316043425408899
0.042959257108520464
0.03752762923747187
0.11925168672581558
0.04068443157931848
0.03825400938915569
0.057140912112042114
0.10208794096324685
0.051657828863902445
0.058708705997793806
0.13101596101038182
0.0716875302925011
0.07204754629440754
0.07348817075271943
0.06003899826411684
0.05476966111405333
0.05936788078235681
0.08713143481041917
0.08560754060810359
0.0544966827129526
0.07327863736024656
0.09155388674029417
0.08574384210718
0.08033875620339902
0.05250237277126964
0.08004485923144154
0.04850269504374513
0.09526175946464793
0.07697312648327452
0.09921710553062654
0.12277925315644556
0.04128191845857215
0.04695950808638352
0.07133246225058418
0.05567694421228693
0.06356981652285233
0.08794612270392886
0.07757546784865024
0.05286183805969562
0.05502678454136683
0.019434973206137955
0.07637026791610745
0.06987230807921015
0.06999458498057849
0.10942588691536505
0.0722455907680705
0.06923771275042899
0.09612294546921106
0.06704706976228916
0.05379683266369703
0.05720022637131236
0.04886051234157798
0.10310452453949247
0.11561027824284485
0.06401914103997478
0.06382028720622432
0.11016787043041021
0.06294838729076406
0.04069552855206904
0.05311529767535957
0.05603745320066698
0.08702558638446968
0.06983837099114469
0.043197008435410945
0.03485794263829045
0.05586962377020648
0.0632142540936419
0.09136680042597149
0.0775996605488748
0.04790747852677143
0.07040744101771165
0.064996679144426
0.09199981734547621
0.0668757468373525
0.023812331301146003
0.07111261739984248
0.05080971459069864
0.0715930519908987
0.05618218541914891
0.047678407663134394
0.06696979955642221
0.04174811103276803
0.04823389339607122
0.044589062269971
0.077519421706093
0.07812890003376688
0.09040553300769198
0.17850576064431709
0.05650091598160424
0.05797859370774803
0.08413765617785032
0.03363830234156354
0.07076190439542665
0.05542079607768992
0.05252934356829902
0.020227490346773236
0.05744815720725319
0.05356413713061885
0.03945377801087481
0.07142308143832286
0.0664168145958155
0.0556937500462123
0.05028982161040785
0.02352874986770831
0.06323292688216621
0.07891999713468606
0.11417451555544358
0.0879306648139056
0.041747174061259364
0.0500773015861335
0.04716104849927123
0.06754903284467549
0.053502845178424505
0.09323989938945976
0.06405693129078369
0.051806200098439815
0.09702224140080878
0.05531870143902234
0.09880310742785287
0.0739620956501814
0.08317871741804711
0.04070235395382082
0.06779360267503515
0.06733424505662612
0.07345081194800542
0.13684419499378808
0.0773242129221324
0.05830277773893765
0.1266049461079686
0.050599017550085536
0.05636231108125734
0.0858869276627502
0.044206727802896015
0.0712574260606054
0.06489387338210607
0.10600829682420401
0.03473729157468674
0.12978097356196952
0.06601766705244502
0.0389001039188176
0.04749757259899122
0.048967731730500126
0.05374606338597245
0.0637970523524492
0.04012882942819443
0.07054454413273278
0.05842697886709968
0.05092999779342884
0.06506594402856082
0.0737005673669106
0.05000877359280306
0.08639691345787456
0.06881010251333786
0.046637148172593436
0.059055444240733036
0.08263638971413324
0.025235997818124828
0.07888812764890234
0.06547723434563102
0.08616183567673213
0.047036510495321426
0.04612732404767315
0.05723277624696672
0.09884086576998337
0.07497102032085362
0.04476048114179829
0.0509936441383366
0.054187872095010366
0.08130347074136687
0.04248757556000085
0.043313121810650425
0.051178557053609346
0.08468746096647285
0.06899542938594065
0.08529817351565813
0.05686005854793499
0.06723442591079584
0.08374064854883079
0.07740315542629307
0.05656253620509752
0.03388544038297627
0.06903428592334078
0.07649816420662847
0.07822974638350365
0.0511812377670757
0.07144359810427756
0.08012174313512938
0.09840815255455526
0.10464081176060984
0.07477240396568598
0.04161374952244624
0.09347022502139365
0.10397423767350876
0.09510837905290265
0.06689165357175905
0.07097077079004169
0.059420158256291704
0.034559161181129505
0.024080313660792742
0.07546081964396027
0.06363737438236525
0.07772607983020834
0.03981937137073189
0.04592591390174052
0.0446474646922395
0.05637483239284524
0.07774666195892174
0.034096117365640034
0.04634513953861705
0.1155277665569659
0.03977916770223577
0.042330531685555055
0.06573527391911435
0.09090363542386949
0.04836820126663212
0.0369860345525229
0.10516384984783822
0.08108674482618453
0.0540985575634314
0.08086410945886828
0.04172921657415281
0.06780152091892773
0.07020096927811109
0.055278570772862426
0.030732180916961276
0.05818474040735107
0.11018495981323885
0.07421812878971128
0.09633449696449113
0.06508736310612726
0.023481959309307843
0.08035889099741224
0.04603813881011914
0.0682639766415253
0.052484006309723254
0.07795902321095373
0.04981659495901428
0.04454396463598395
0.07454834036980006
0.06148846713517075
0.07443469842695219
0.06606530357875341
0.14166694140480193
0.0658078276439364
0.07470186567943832
0.06028864465005193
0.04765717441332435
0.05700228495311277
0.043231176407791776
0.08700782563362872
0.06028146500239371
0.09064382113102873
0.09635185535381326
0.061149078762290004
0.07123188524100448
0.08519775705719575
0.10535977448986399
0.05248179489066693
0.10191306614427928
0.040581770057846855
0.07212505937424152
0.042831848173162185
0.022589059540038
0.04422850761672902
0.03761651470776399
0.04999376861331459
0.08433891311116584
0.13449937923892424
0.08044581107852519
0.07497741312399457
0.07825310707646259
0.04906086372738414
0.0580332490696171
0.10003733023856555
0.063801819517522
0.08215667133064104
0.07836276702202682
0.06823401564153435
0.06686474765464394
0.026728113416463205
0.07175742446984479
0.11672659360182763
0.05877714100618196
0.07948349030007179
0.02677952235521085
0.07014107019104004
0.03591131738458639
0.08938883016150052
0.05530024098008837
0.026451180637263635
0.060206174384810185
0.03182944201588632
0.04169845056997499
0.040984983085586825
0.040638703041402435
0.05955573812364628
0.04886489914054761
0.05812216551272651
0.11025087922116705
0.07767328744855319
0.04138835390696052
0.13099008725608835
0.06777453831636683
0.04648609071229809
0.08296389613057603
0.08608009637561653
0.08470810920499468
0.09513278106967799
0.06406794234959744
0.07647229464676002
0.0767210309939408
0.0900361989490615
0.053214885924690446
0.049412939723875095
0.06447817524767777
0.0593389099864915
0.04998670154881233
0.05440663368082639
0.06009786341259811
0.07085539472993295
0.04984505576560109
0.07382872594906238
0.0736277873188083
0.08316532298957598
0.06365518026427229
0.07621833355373576
0.05600278874904236
0.09185629182653271
0.08731887057958726
0.09161855768901758
0.09023994249473226
0.05335466594325413
0.03628384293794237
0.04076492592990914
0.07337937198638299
0.053340729148837564
0.08521669112429446
0.06454094219988986
0.11255270495840446
0.051313664204653685
0.08894890528797626
0.10382572908085769
0.04153459313839908
0.05767415911444384
0.04754329585822303
0.04165663666490817
0.08246346214342645
0.07254159995150633
0.07521717589548842
0.04322792379443938
0.08490768813893781
0.0985523383351847
0.09825134062362055
0.08074496572178382
0.059616258740854446
0.1351636891254222
0.06556001691944928
0.10642777818666854
0.06622669447457157
0.045074026880146174
0.06246886596684257
0.07967540496826779
0.04880309502388372
0.07293847758653328
0.07072806930772098
0.061132621263744
0.08456800974526366
0.055502421064594375
0.07976943607468666
0.07151825667407631
0.05506234301307074
0.05726007859872101
0.05210818561572007
0.07938045483939435
0.06523615563671038
0.0417847734488819
0.05331097876794292
0.08204877143884354
0.07194164489912522
0.10620235126380526
0.07076119687605194
0.09620355939756427
0.09154290308209735
0.06487996993656465
0.0472717712970159
0.08002337489615483
0.02324430257036557
0.08337408456105362
0.11162564950761603
0.061299542280272235
0.13389111086613067
0.05791766652357061
0.05054334214432234
0.12575315645202767
0.048755093353612874
0.032658772511865
0.0947144217009551
0.061377586914252075
0.04031794135119882
0.11005889465828841
0.06716720904319555
0.06403990909160298
0.07315451690509481
0.0786894738084592
0.05488352161809803
0.0564143558135779
0.0382184974782347
0.09662608224654982
0.06996488597170303
0.09796122624196026
0.08651929366106718
0.06734700297474666
0.06461033009104265
0.10080769281081835
0.05961060250965223
0.10222238891089827
0.06725549494341826
0.06559822229496635
0.05584187761278042
0.08644339709860574
0.07169309742405094
0.058611323291972696
0.07796249170879897
0.05417328307027796
0.048399177559172314
0.047892833127719
0.1106776450506734
0.07149636684770783
0.10518761936822393
0.1057651514755725
0.034063475768555486
0.07061043786708338
0.050665480848468857
0.046353284570244964
0.04598800111123493
0.06271099803172885
0.05453815271746201
0.06848541795594006
0.06734756173644499
0.07039467643616368
0.06331743178070527
0.06176741029179211
0.11305455978907593
0.05993303048794294
0.21781857577136401
0.052970461612843654
0.042853640535909863
0.06288787323091827
0.06514827882115466
0.0581270417873997
0.06982243076393735
0.0614547031900954
0.050928322072357465
0.08557509485574756
0.07501347782597369
0.10664889066175973
0.07693087428225721
0.056262194279990574
0.09781507240485342
0.0692686638191221
0.08116052592257246
0.07141306812150211
0.04290218792732836
0.06841482522071589
0.08263745165157763
0.09109757721623027
0.0553120977336236
0.08196674767981235
0.05109779512000327
0.08829672405439613
0.07493038406176035
0.024427543979156967
0.019184486523341815
0.04038219038399298
0.09165405966100651
0.12203438010635181
0.04559584391379511
0.02698288368973804
0.09155018752103673
0.09926425787185017
0.09442849747245345
0.05490085040133495
0.03002103683745092
0.09277024211654038
0.13678966186618507
0.08904243636276825
0.03761554783947612
0.07696556219772625
0.05417287889543467
0.06681838098606674
0.04776011084581861
0.07085735325326574
0.08117700087405076
0.08836703045243645
0.05281013698925511
0.11873430204047504
0.07094454147047029
0.05292863338384525
0.08425240925833664
0.0990707019603804
0.052990165076447826
0.09559668374485218
0.07281565405054889
0.06322306510312152
0.053666241715188745
0.09732020739081282
0.061628922660584694
0.09707165208882797
0.0732096395792148
0.08668565929262372
0.05394466933198532
0.0594017954776599
0.07393510379957269
0.06594042986482979
0.07448295498746288
0.05331124907516826
0.040578249518909294
0.07528387399187096
0.06647638065479476
0.05771962757729399
0.09783679793028868
0.04926212345367803
0.057035502613412475
0.06540968655097677
0.07384847775084612
0.05916155645572128
0.09162833352921668
0.07252574444506033
0.08219999424926394
0.05744048022260874
0.13902589845166702
0.0745338470178623
0.09405845169582402
0.09958847747751831
0.059972887225914026
0.04429554405488354
0.09003864975461819
0.06620059134748386
0.06123425705071493
0.0592862818842971
0.06768707473276743
0.12183171703695521
0.04135313666874864
0.0699295412143837
0.0484523947592856
0.06964545632943733
0.0471514401884794
0.09441756097977477
0.050077709642934926
0.08116626158229118
0.06938173978125833
0.07179418154036672
0.0753532860235126
0.05001283191288499
0.04859921915837361
0.07394319099289268
0.08044437161988863
0.17001477719905558
0.08814956451702899
0.0859616246007989
0.056262194279990574
0.07104357025219137
0.04791007953495725
0.07582991243733508
0.046644999808952634
0.08110739791921981
0.07628246469418222
0.04485858376410705
0.038804090661074625
0.09856032671670661
0.06646573613531055
0.04845072811976586
0.0916054885558211
0.050799941740565055
0.08183337444202679
0.1043727690176857
0.04303837545450496
0.08022322839647196
0.043647897029889096
0.07081071832631211
0.051102298444925004
0.07673486211499454
0.03510270174374785
0.05947952288431407
0.11512870726111292
0.06746216566270252
0.112133592988787
0.08362127387613533
0.05532199220568439
0.12690146908913322
0.06848814727764498
0.0719152542708461
0.09238299134899204
0.07535022709175616
0.08666263968132151
0.04146131933560425
0.07481869517643863
0.07711636822063365
0.048279541102905374
0.05826751865758567
0.06063847304757223
0.06427688759848593
0.07730620131180081
0.04157491568608075
0.0788835652173828
0.0936814788116551
0.03360823609042878
0.07508766135093602
0.099251299342503
0.10236987819664377
0.07391744421821014
0.057578389127697825
0.07429304425706001
0.05289449340078471
0.04882946201584062
0.11314544500376901
0.060056757436950214
0.07351915413333272
0.082511699343734
0.05120581256702504
0.050438047620351985
0.10073194541239092
0.054555224273097724
0.03896328154746831
0.04413804332339659
0.08814956451702899
0.06098868194682155
0.06980253601030269
0.07637141703283702
0.07812514057878697
0.06864829947622644
0.0712921382541289
0.045796846311224486
0.08785188826187137
0.04248471073167797
0.0589102262419478
0.06706937371617859
0.08475543814408874
0.03689514347604845
0.1299729832309034
0.06717504416710893
0.10231700018649553
0.06516730197369647
0.06506150601226098
0.028473271696607325
0.04712062602060707
0.10213376310374941
0.07181496415342942
0.08144772419314299
0.0846745875373852
0.07880505536164308
0.06214294650823431
0.10854137203642375
0.048899335484831566
0.12080139018828798
0.06365104868976855
0.02910044510774264
0.016077239912481153
0.051256468340762036
0.06334627737481555
0.07522932694308704
0.06174859798484579
0.10279312701148668
0.03691759135461855
0.0742815985391111
0.049864971181704736
0.05803642975576661
0.07169355270663147
0.11162605220074537
0.08793694556286766
0.09753695179719371
0.06769655917840592
0.05322775107392666
0.06177046765857819
0.06620102647810108
0.04887793728956659
0.0861737315630996
0.13177069007767994
0.08280431403978125
0.06619608532472647
0.09585534403939944
0.07581719723931275
0.045341934495145494
0.0693487084026955
0.1069782840148533
0.10841154738087072
0.05624003592533139
0.02425762441331531
0.08938871232244025
0.06434666496173386
0.062149038929991386
0.10465184746704435
0.07692831786324368
0.053989423306429564
0.0474879404760795
0.07021811569497648
0.07479356680455726
0.0942834424433178
0.07374547733985794
0.06631553805461121
0.05895880070078937
0.11882335325938002
0.05528343858713026
0.04859890538296879
0.042240550722255445
0.08665791763960519
0.07211371420640002
0.07476107935963114
0.0646461620912731
0.039762043557883375
0.08748829656738609
0.06305886902061437
0.057896725922298095
0.08391487857594312
0.05960719411915884
0.04519199690918277
0.06238077204267236
0.08567113525628373
0.16485864974243025
0.08585155675757004
0.04975618915178695
0.05667509298392868
0.06027880677821162
0.05827814110394022
0.07123991810122204
0.09833548937306837
0.10137277238950804
0.08935031423870857
0.025132809940819636
0.05262028693750639
0.017629502569142388
0.11396872413223468
0.09866169881900827
0.04596792024056366
0.08258443373409159
0.050315975337755864
0.04199343979885551
0.09357078088340175
0.0668674963309094
0.06868655846975202
0.08872503881119317
0.1026452464363227
0.09912814576699798
0.03436274766445105
0.0837427288310355
0.05076614711553136
0.05960273401794831
0.0839928388933951
0.03552471419276987
0.15976268844483954
0.04705116208848136
0.06761106656951144
0.10247876228644624
0.084368332961897
0.05524628833322409
0.03072512299545262
0.09593211510711153
0.042033717597787144
0.08455938642342138
0.05613946336479978
0.06247991697666376
0.057840395607078314
0.07152285357460768
0.02942753247778027
0.012615215638511984
0.05004193048695182
0.08091766249464909
0.07414660328600711
0.057641473323217715
0.050563385902694255
0.08790225777966044
0.05817896313551273
0.10739855208479028
0.06040407737663475
0.05991137421444486
0.0735970482929594
0.09649270815468848
0.05529785925470388
0.07143150529018125
0.08856493671004707
0.10595770717684662
0.08930662059163628
0.06035820568636013
0.05667572091059577
0.05546207013712521
0.07627931758628977
0.032349462572889204
0.05959594797337662
0.051490862685004316
0.10072091514477326
0.04751975421669197
0.08034082171202958
0.05020100206307619
0.11287066708557487
0.04864769706999062
0.07787672990784653
0.0477844450977747
0.06881202218328832
0.08942784573507659
0.044535359997524115
0.10573873868486516
0.0765311058079392
0.08272475449530857
0.056658842694514995
0.08637590267399169
0.083990872200454
0.03828461167370636
0.10072835135453383
0.0622173819637966
0.056832926106094646
0.09825859719463946
0.04984398668310082
0.0833042279915386
0.048365764384929406
0.07161880987278886
0.07485098939270589
0.07549044434553119
0.029834995061244814
0.09499495614033165
0.059604259243622594
0.06695492877856024
0.14127298249116882
0.10482770190182995
0.08022320092423699
0.023852597473347024
0.032242270700724995
0.045172020737665165
0.07543714836249613
0.06703949817736848
0.07435454166242532
0.04348728201431679
0.07572568316098964
0.04848595903626048
0.07530913134788518
0.07055108549519451
0.04641207784510279
0.05382867657650096
0.06305946893492928
0.05704481020153516
0.07175100980933269
0.07666226958021058
0.10586629024138247
0.037842452938629645
0.08175427492819595
0.1273020913979837
0.0752672788653685
0.0678970093910847
0.07465975888046625
0.06340526621253256
0.08995093133264422
0.05408290390764979
0.06190143177932667
0.09669226438316957
0.0636974917022837
0.07363334447321022
0.12678484981200916
0.07191465074905103
0.06136923801279677
0.05842638048136235
0.13693459214382586
0.08403938074819614
0.11741035039645159
0.07407117882531689
0.07452376168642524
0.04826221900040078
0.0975427814307403
0.08464446200017317
0.06544638253005385
0.04372494547332083
0.07266985100070414
0.07529508108698571
0.07691886666129015
0.04638864442118874
0.07431638168941207
0.05487057631008145
0.06062747802124895
0.0659717900087325
0.08122238929207344
0.1398557593014851
0.1029955959142277
0.07467255062078658
0.060569926534271616
0.047277981199071284
0.04643267683501866
0.07699784782894684
0.0837366434177047
0.08071181699877554
0.07295850196903894
0.11529444312282601
0.07379777913430514
0.040081520368142755
0.0906509718110924
0.03506165877453879
0.09007144399686595
0.09167870546674775
0.08233571946436655
0.037243675112528934
0.07469124398837186
0.054118482636228864
0.0866368887584692
0.04339114028974685
0.07356879074108232
0.07412134454640638
0.07150256697069082
0.07859748428983765
0.0747385254204504
0.05907993166931702
0.05667482348897874
0.09277497718636343
0.07909752807350434
0.045727186773925156
0.0694019054302047
0.049668917026254686
0.06705549895675081
0.05603203587233275
0.07002679438345796
0.06074769175518174
0.070224518745696
0.0786894738084592
0.08403410293677643
0.0477740864217863
0.11310530504681275
