7 0.0 57.14285714285714 0.0 40.740928 0.012382910828723621 1
11 0.375 9.090909090909092 1.4545454545454546 54.092512000000006 0.01443417210972911 1
8 0.3333333333333333 25.0 0.0 68.39093600000001 0.004696511391079297 1
8 0.14285714285714285 50.0 0.0 0 0.004849760186315864 1
7 0.75 0.0 0.0 30.638704 0.012042869585490262 1
6 0.2 0.0 0.0 14.786503999999999 0.00967368966697474 1
11 0.1 54.54545454545454 0.0 62.29656800000001 0.00548016974998598 1
11 0.0 72.72727272727273 0.0 46.655608 0.004757761108873414 1
7 0.0 57.14285714285714 0.0 29.914456 0.007951866479768817 1
7 0.4 28.57142857142857 0.0 26.294728 0.004677984071538949 1
10 0.25 20.0 0.8 91.67066399999999 0.024622040718642293 1
6 1.0 0.0 0.0 21.488680000000002 0.022615434699269903 1
7 0.4 0.0 0.0 23.01568 0.0055218560598950675 1
8 0.0 62.5 0.0 11.411864 0.003575113946402257 1
9 0.0 66.66666666666666 0.0 37.740263999999996 0.006672550723679478 1
6 0.0 50.0 0.0 21.587256 0.0023111535464551422 1
11 0.2222222222222222 18.181818181818183 0.0 42.400176 0.009547408642957401 1
7 0.4 0.0 0.0 26.649864 0.025299384185379546 1
11 0.1 63.63636363636363 0.0 45.261696 0.004145503618524827 1
10 0.42857142857142855 0.0 0.8 52.000808 0.01021874666962999 1
9 0.125 33.33333333333333 0.0 23.297624 0.00428303615439779 1
9 0.0 66.66666666666666 0.0 50.997184000000004 0.006010215089350306 1
9 0.0 66.66666666666666 0.0 24.0 0.001552492161944045 1
6 0.2 0.0 0.0 12.838439999999999 0.036555264536688524 1
10 0.25 0.0 0.0 65.69268 0.008095639599374429 1
10 0.1111111111111111 50.0 0.0 49.875688000000004 0.004401779159512627 1
11 0.1 45.45454545454545 0.0 22.540576 0.0043318732914046 1
9 0.125 22.22222222222222 0.8888888888888888 56.848368 0.006620433868278349 1
8 0.0 62.5 1.0 18.030632 0.004084853426292614 1
7 0.16666666666666666 28.57142857142857 0.0 48.81804 0.017925079153795754 1
9 0.125 55.55555555555556 0.0 64.094224 0.013678786580507628 1
8 0.3333333333333333 0.0 0.0 17.857968 0.002806377216111535 1
11 0.2222222222222222 18.181818181818183 0.0 50.058336 0.010572405949154472 1
7 0.0 57.14285714285714 1.1428571428571428 20.038496000000002 0.004818246723549629 1
6 0.0 50.0 0.0 15.973016000000001 0.015409748694194265 1
7 0.4 0.0 0.0 47.19716 0.010907043746397702 1
9 0.2857142857142857 11.11111111111111 0.0 31.418055999999996 0.005015739743139987 1
6 1.0 0.0 0.0 42.345088 0.036504186233423164 1
11 0.2222222222222222 27.27272727272727 0.7272727272727273 52.514128 0.009168640109040007 1
6 0.2 16.666666666666664 0.0 18.34812 0.007809291655438254 1
10 0.1111111111111111 30.0 0.0 41.300448 0.010240938545428147 1
11 0.1 36.36363636363637 0.0 34.077176 0.0033043340447728316 1
7 0.75 0.0 0.0 8.0 0.0034678508426618853 1
10 0.6666666666666666 10.0 1.6 67.69084000000001 0.02205247900926331 1
9 0.0 66.66666666666666 0.0 22.071632 0.005399348856112563 1
10 0.25 20.0 0.8 53.333816 0.006091216807376195 1
10 0.42857142857142855 20.0 0.0 32.985048 0.008789099910744723 1
9 0.125 44.44444444444444 0.0 38.297064 0.005062275313894591 1
11 0.2222222222222222 27.27272727272727 0.0 43.09528 0.005278917793571734 1
7 0.16666666666666666 0.0 0.0 39.205352 0.020545287533062104 1
10 0.25 10.0 1.6 61.960512 0.02574108597042284 1
6 0.5 0.0 0.0 39.363032 0.04549296963102467 1
9 0.125 22.22222222222222 0.0 40.463048 0.009344155181901643 1
10 0.1111111111111111 60.0 0.0 49.1402 0.004022052209236844 1
10 1.0 0.0 0.8 107.05261599999999 0.021542501873898834 1
10 0.42857142857142855 20.0 0.0 29.831624 0.007802609415997193 1
10 0.0 70.0 1.6 31.416288 0.01883224205858363 1
11 0.0 72.72727272727273 0.0 49.818864 0.011306543446351618 1
8 0.0 62.5 0.0 30.750472000000002 0.012943992644586282 1
6 0.0 50.0 0.0 23.830672 0.006216687938360923 1
9 0.8 0.0 0.8888888888888888 41.480343999999995 0.020144979359046054 1
11 1.2 0.0 0.0 39.946176 0.02139385393959066 1
6 0.2 33.33333333333333 0.0 9.469072 0.008796659027409321 1
11 0.8333333333333334 18.181818181818183 0.0 65.08916 0.020901920341561322 1
9 0.2857142857142857 22.22222222222222 0.8888888888888888 30.495887999999997 0.010983078240866558 1
8 0.3333333333333333 12.5 0.0 56.348712 0.025964268955783847 1
8 0.0 62.5 0.0 24.0 0.003034632715814135 1
11 0.375 9.090909090909092 0.0 28.178984 0.0069535680865539 1
7 2.5 0.0 0.0 35.730584 0.027090281456764058 1
10 0.42857142857142855 0.0 0.0 50.256608 0.020643439167040794 1
9 0.0 66.66666666666666 0.0 38.62154400000001 0.0021368655648605784 1
6 0.5 0.0 0.0 10.845472000000001 0.001207761561596769 1
11 0.2222222222222222 27.27272727272727 0.0 64.099024 0.005914719364085752 1
9 0.0 66.66666666666666 0.0 39.641016 0.0032941677477341716 1
11 0.1 45.45454545454545 0.0 14.048464 0.005964914683410908 1
8 0.14285714285714285 37.5 0.0 32.741208 0.006846257977709655 1
8 0.14285714285714285 50.0 0.0 17.904311999999997 0.003214649502861735 1
10 0.0 70.0 0.0 51.914712 0.00749555930769952 1
9 0.2857142857142857 22.22222222222222 0.8888888888888888 38.335784000000004 0.02001238717546164 1
8 0.0 62.5 0.0 51.184256 0.007363366459399658 1
8 0.3333333333333333 0.0 0.0 7.763351999999999 0.005103403129309095 1
11 0.375 45.45454545454545 0.7272727272727273 23.057584000000002 0.010839743138639394 1
11 0.375 0.0 0.0 61.185368 0.010740729152224918 1
10 0.25 10.0 0.8 70.56394399999999 0.028872915604315617 1
8 0.3333333333333333 0.0 1.0 56.912079999999996 0.036815317303387184 1
8 0.3333333333333333 12.5 0.0 21.542944 0.007517639180148581 1
8 0.14285714285714285 50.0 0.0 21.010024 0.005781289032555385 1
6 2.0 0.0 0.0 19.837936 0.0021112196032755668 1
11 0.1 63.63636363636363 0.0 87.732864 0.006338363412554101 1
6 0.2 0.0 2.6666666666666665 33.577464 0.034824868209876854 1
7 0.0 57.14285714285714 0.0 15.892952000000001 0.0019922481833075678 1
7 0.16666666666666666 28.57142857142857 0.0 0 0.004440110550034758 1
9 0.125 33.33333333333333 0.8888888888888888 26.320040000000002 0.00934849771187967 1
10 0.42857142857142855 10.0 0.0 88.05990399999999 0.02099174005009547 1
10 0.6666666666666666 0.0 0.0 47.878704 0.010364259678134449 1
7 0.0 57.14285714285714 0.0 24.408144 0.004726512266513696 1
11 0.2222222222222222 54.54545454545454 0.0 32.041056 0.005436939299565124 1
6 0.0 50.0 0.0 14.252048 0.006860536314597922 1
10 0.25 20.0 0.8 44.688808 0.007989183895652745 1
10 1.0 0.0 0.0 64.227856 0.028933365815123718 1
8 0.3333333333333333 0.0 0.0 27.688408 0.01897399887915691 1
7 0.16666666666666666 14.285714285714285 0.0 23.453488 0.0042568181933353 1
7 0.75 0.0 3.4285714285714284 34.317631999999996 0.015209691698768022 1
10 0.25 0.0 0.8 61.30773599999999 0.02269641863790677 1
11 0.1 45.45454545454545 0.7272727272727273 33.21872 0.003633501976277361 1
8 0.14285714285714285 37.5 0.0 19.919208 0.006552919521864052 1
11 0.375 9.090909090909092 0.0 103.150664 0.008598613003456495 1
11 0.375 0.0 0.0 36.82584799999999 0.00971594050281046 1
6 0.5 16.666666666666664 0.0 21.396808 0.013462245237981493 1
9 0.8 0.0 1.7777777777777777 76.11504000000001 0.04965821084665069 1
6 0.2 16.666666666666664 0.0 16.420704 0.009790400390869682 1
11 0.5714285714285714 18.181818181818183 0.0 50.595152 0.01477097977063247 1
7 0.75 0.0 0.0 42.278504 0.007912360559601733 1
6 0.2 0.0 1.3333333333333333 14.554864 0.002684788964721554 1
11 0.5714285714285714 9.090909090909092 0.7272727272727273 32.37416 0.006427267184992558 1
8 0.14285714285714285 50.0 0.0 20.982599999999998 0.005062309779451731 1
7 0.4 0.0 0.0 36.033311999999995 0.01169421116950044 1
8 0.14285714285714285 12.5 0.0 49.607712 0.01173148799743414 1
7 0.4 14.285714285714285 1.1428571428571428 27.460240000000002 0.008163779966549958 1
8 0.6 0.0 0.0 35.649664 0.006959514608761601 1
6 1.0 0.0 1.3333333333333333 17.95292 0.015863963903179453 1
11 0.375 27.27272727272727 0.0 74.148088 0.03340042997272133 1
11 0.0 72.72727272727273 0.0 20.623152 0.002195812438916046 1
11 0.2222222222222222 9.090909090909092 0.0 49.28152 0.008263940172903002 1
6 0.2 0.0 0.0 13.025096 0.003098717875823149 1
7 0.75 0.0 0.0 18.8004 0.02593173167322347 1
9 0.125 22.22222222222222 0.0 47.687736 0.009373819298998658 1
9 0.2857142857142857 11.11111111111111 0.0 21.528712000000002 0.007146061280815115 1
7 0.0 57.14285714285714 0.0 24.536912 0.01231770482622997 1
7 0.16666666666666666 14.285714285714285 0.0 41.648488 0.018566958029553864 1
10 0.1111111111111111 40.0 0.0 40.691992 0.0030954424778835824 1
6 0.5 0.0 1.3333333333333333 31.94408 0.02487852834563266 1
9 0.2857142857142857 11.11111111111111 0.0 31.464855999999997 0.006875817665110151 1
6 0.0 50.0 0.0 14.491088000000001 0.00220747518765234 1
11 0.2222222222222222 36.36363636363637 0.0 78.558352 0.004187353109711097 1
6 0.2 33.33333333333333 0.0 15.662607999999999 0.012228447499716187 1
6 0.0 50.0 0.0 34.90308 0.011870143238550741 1
8 0.6 12.5 0.0 27.894071999999998 0.007456841442004775 1
6 0.2 16.666666666666664 0.0 34.670472000000004 0.00920218387232865 1
6 0.2 16.666666666666664 0.0 20.975392 0.0046839763458828955 1
6 0.2 16.666666666666664 0.0 8.0 0.007114376678300777 1
11 0.1 36.36363636363637 0.0 53.964352 0.005164091178025875 1
8 0.14285714285714285 25.0 0.0 19.894952 0.01750902394683405 1
7 0.16666666666666666 14.285714285714285 1.1428571428571428 39.928576 0.009130947323653847 1
5 0.25 20.0 0.0 16.0 0.01132854180601424 1
8 0.0 62.5 0.0 25.446696 0.003041416017584522 1
6 0.2 0.0 1.3333333333333333 35.213927999999996 0.01907501544419944 1
11 0.375 18.181818181818183 2.909090909090909 87.995576 0.029212375503013588 1
8 0.6 0.0 0.0 53.578456 0.018170998390192098 1
11 0.1 54.54545454545454 0.7272727272727273 53.398544 0.005668896802646026 1
6 0.5 0.0 0.0 40.691863999999995 0.03656169914684829 1
7 0.0 57.14285714285714 0.0 28.332784 0.0021912396569529814 1
6 0.2 16.666666666666664 1.3333333333333333 5.266664 0.0075735563015997005 1
10 0.0 70.0 0.0 29.920663999999995 0.005644274624800102 1
7 0.4 28.57142857142857 0.0 14.047584 0.0035488906968225067 1
6 0.0 50.0 0.0 17.996128 0.01547430825342606 1
8 0.14285714285714285 37.5 0.0 54.919200000000004 0.02093271441789021 1
7 0.4 14.285714285714285 0.0 22.838576 0.004763723896753803 1
8 0.0 62.5 0.0 20.544832 0.00570725047900059 1
10 0.0 70.0 0.0 31.256024 0.003656768201625175 1
6 0.5 0.0 0.0 19.401408 0.05090315295712852 1
11 0.8333333333333334 0.0 0.0 33.305768 0.005833861667819097 1
9 0.125 33.33333333333333 0.8888888888888888 38.571048 0.004280987393584426 1
11 0.5714285714285714 9.090909090909092 0.7272727272727273 67.81261599999999 0.013191350607969762 1
11 0.1 54.54545454545454 0.0 15.475816000000002 0.008676945887717424 1
8 0.14285714285714285 12.5 1.0 40.747864 0.013565441132765753 1
11 0.0 72.72727272727273 0.0 30.972912 0.002368302209900999 1
6 0.0 50.0 0.0 17.042808 0.010340328667311749 1
7 0.0 57.14285714285714 0.0 16.0 0.0023489763170512047 1
10 0.25 10.0 0.8 84.719088 0.0285257673164714 1
8 0.14285714285714285 25.0 0.0 28.612576 0.015010494268269762 1
8 0.0 62.5 0.0 29.723112 0.005214491650744442 1
11 0.1 63.63636363636363 0.0 62.608152000000004 0.00627725782585228 1
7 0.4 28.57142857142857 0.0 35.264032 0.03798456004709078 1
11 0.1 45.45454545454545 0.7272727272727273 61.71964800000001 0.0047551998502824945 1
10 0.0 70.0 0.0 46.026584 0.004614042102744167 1
7 0.16666666666666666 0.0 1.1428571428571428 49.289248 0.019741158180886266 1
8 0.3333333333333333 0.0 0.0 33.19752 0.013787040572377014 1
11 0.0 72.72727272727273 0.0 90.91720000000001 0.010209405747865786 1
9 0.5 0.0 0.0 29.946024 0.015237336561574841 1
10 0.42857142857142855 30.0 0.0 27.72248 0.003601139931368422 1
6 1.0 0.0 0.0 44.71668 0.051046113547372776 1
9 0.125 22.22222222222222 0.0 40.884984 0.011017182177262032 1
11 0.2222222222222222 18.181818181818183 0.7272727272727273 37.985744 0.008409828025309847 1
8 0.14285714285714285 50.0 0.0 25.616336 0.007774947430968186 1
10 0.1111111111111111 40.0 0.0 25.291431999999997 0.005448033211992455 1
11 0.2222222222222222 27.27272727272727 0.0 44.665608 0.010452122071821732 1
10 0.1111111111111111 30.0 0.8 52.241304 0.010897479819109298 1
6 1.0 0.0 0.0 15.675808 0.01495530003003456 1
6 0.2 16.666666666666664 0.0 15.736440000000002 0.014991748224112558 1
10 0.25 20.0 0.0 35.071456000000005 0.003918749301705088 1
8 0.3333333333333333 0.0 0.0 36.0432 0.03069579651814437 1
8 0.6 0.0 0.0 32.86852 0.025950703535259134 1
7 0.16666666666666666 0.0 0.0 20.077903999999997 0.015939485583632326 1
10 0.42857142857142855 10.0 0.8 41.892176 0.015312375959283692 1
7 0.4 28.57142857142857 0.0 28.853336 0.003937494067112095 1
6 0.5 0.0 0.0 12.488544 0.009674576729470703 1
11 0.375 27.27272727272727 0.0 25.498928 0.0013629562321515276 1
7 0.16666666666666666 42.857142857142854 1.1428571428571428 22.356991999999998 0.0021759175304957344 1
7 0.0 57.14285714285714 0.0 24.418928 0.0041585642983450145 1
10 0.1111111111111111 30.0 0.0 72.653704 0.010655112195973107 1
8 0.14285714285714285 12.5 1.0 28.58576 0.00665998734238753 1
6 0.5 16.666666666666664 0.0 16.614968 0.011056388366577978 1
6 0.0 50.0 0.0 15.158232 0.005642325352839465 1
10 0.25 30.0 0.0 68.17976 0.008861258609599776 1
9 0.2857142857142857 0.0 0.0 58.42492 0.01226487083500638 1
7 0.75 0.0 0.0 40.21304 0.023636450476518977 1
6 0.2 33.33333333333333 0.0 18.623104 0.01947958510695076 1
10 0.25 20.0 0.0 49.254752 0.014628618402068416 1
11 0.1 36.36363636363637 1.4545454545454546 92.805688 0.014336372652736858 1
9 0.125 22.22222222222222 2.6666666666666665 54.227639999999994 0.00975828583613464 1
9 0.125 55.55555555555556 0.0 56.143848 0.006314954509090092 1
7 0.4 0.0 0.0 17.08764 0.012757617501366923 1
7 0.4 28.57142857142857 0.0 18.038896 0.00742107956135271 1
9 0.125 22.22222222222222 0.8888888888888888 56.230399999999996 0.010813199662817422 1
10 0.25 10.0 2.4 70.92978400000001 0.023724206348147966 1
10 0.42857142857142855 0.0 0.8 73.299056 0.0377606576288184 1
6 0.5 16.666666666666664 0.0 29.148823999999998 0.014876465299207713 1
11 0.0 72.72727272727273 0.0 52.884776 0.0034222346183982524 1
6 0.5 0.0 0.0 34.468144 0.013760016651264178 1
6 0.5 0.0 0.0 13.629304000000001 0.02136497648049661 1
11 0.0 72.72727272727273 0.7272727272727273 75.317808 0.006403028312042264 1
6 0.2 0.0 0.0 31.792392 0.0073782706586147115 1
6 0.2 16.666666666666664 0.0 15.010328000000001 0.011129736370066512 1
7 0.16666666666666666 28.57142857142857 0.0 4.398352 0.0053215784945322125 1
10 0.0 70.0 0.0 31.911552 0.0010215211097977946 1
10 0.6666666666666666 10.0 0.0 40.995144 0.014834076135597675 1
8 0.6 12.5 0.0 62.025728 0.005270219578075265 1
7 0.0 57.14285714285714 0.0 36.578632 0.00804189721045528 1
9 0.125 44.44444444444444 0.0 30.370928 0.0017247177966497828 1
7 0.16666666666666666 14.285714285714285 0.0 18.389224 0.008102628993562384 1
10 0.25 20.0 0.0 45.011624000000005 0.005183225075731612 1
11 0.0 72.72727272727273 0.7272727272727273 68.880928 0.005970180362949463 1
7 0.0 57.14285714285714 0.0 43.263864 0.010524146262706436 1
11 0.2222222222222222 18.181818181818183 0.0 58.142224 0.006178960129148765 1
9 0.125 33.33333333333333 1.7777777777777777 56.788616 0.007929853395127362 1
10 0.1111111111111111 60.0 0.0 32.605464 0.011029620155358733 1
7 0.16666666666666666 42.857142857142854 0.0 14.885472 0.04525750095557151 1
10 0.25 10.0 0.8 83.41876 0.01180998116113479 1
7 0.16666666666666666 28.57142857142857 0.0 48.943175999999994 0.06566472319710298 1
8 0.3333333333333333 25.0 0.0 33.730648 0.0067333030199018045 1
6 0.2 16.666666666666664 0.0 10.124728000000001 0.0074953622609598295 1
6 0.2 33.33333333333333 0.0 24.0 0.004931020987268941 1
10 0.1111111111111111 40.0 0.0 28.090552000000002 0.011791481531649398 1
9 0.2857142857142857 0.0 0.0 22.45224 0.008362948028638942 1
8 0.3333333333333333 12.5 2.0 68.053376 0.020158923390271675 1
10 0.42857142857142855 20.0 0.8 105.65315199999999 0.03670046070425294 1
8 0.3333333333333333 25.0 0.0 44.203528000000006 0.009986246726702409 1
7 0.0 57.14285714285714 0.0 44.218488 0.011363067274837544 1
11 0.2222222222222222 18.181818181818183 0.0 51.66052 0.009294581688930256 1
7 0.4 14.285714285714285 0.0 20.61356 0.009784141484158616 1
10 0.1111111111111111 50.0 0.0 33.98716 0.008307366578121114 1
9 0.125 22.22222222222222 0.0 72.555944 0.008804074096914048 1
11 0.5714285714285714 9.090909090909092 0.0 72.220552 0.011994485737889148 1
7 0.75 0.0 1.1428571428571428 54.694248 0.02600416155019821 1
11 0.1 36.36363636363637 0.0 38.03036 0.008654690968855516 1
8 0.6 25.0 1.0 45.6182 0.017119295450596803 1
8 0.14285714285714285 25.0 0.0 50.430672 0.02704324575131281 1
6 0.0 50.0 0.0 15.452888 0.004168375457300558 1
11 0.2222222222222222 27.27272727272727 0.0 51.10816 0.004022057474463262 1
11 0.375 9.090909090909092 1.4545454545454546 56.049656 0.01374117724269684 1
9 0.125 22.22222222222222 0.0 22.998496 0.022167994942807082 1
8 0.14285714285714285 50.0 0.0 28.351984 0.001834296168749922 1
7 0.0 57.14285714285714 0.0 11.953576 0.0053095954929858625 1
8 0.3333333333333333 0.0 0.0 23.869936000000003 0.019555487594145667 1
10 0.1111111111111111 50.0 0.0 26.693192000000003 0.005091280563449992 1
11 0.1 45.45454545454545 0.0 90.639064 0.008402926886788542 1
11 0.0 72.72727272727273 0.0 68.452976 0.0037880123355561583 1
11 0.5714285714285714 0.0 0.0 71.260432 0.03108510821889004 1
7 0.0 57.14285714285714 0.0 17.484824 0.017751496583501204 1
11 0.2222222222222222 18.181818181818183 0.0 62.26083199999999 0.006011497366127259 1
8 0.3333333333333333 25.0 0.0 12.965184 0.016664820083566685 1
8 0.14285714285714285 37.5 0.0 20.304408000000002 0.005307555794674264 1
9 0.125 22.22222222222222 0.0 18.354712 0.001723084781554199 1
6 0.5 0.0 0.0 16.38184 0.023530043498672697 1
8 3.0 0.0 0.0 63.004504000000004 0.008221087223477454 1
10 0.6666666666666666 0.0 1.6 90.96799999999999 0.014611574261265112 1
7 0.16666666666666666 28.57142857142857 0.0 24.384752 0.0029154657657804984 1
8 0.3333333333333333 0.0 0.0 22.984263999999996 0.006902896712628768 1
6 0.2 0.0 0.0 25.598616 0.027279519759901484 1
11 0.2222222222222222 27.27272727272727 0.7272727272727273 72.72006400000001 0.009345387573784211 1
10 0.25 20.0 0.0 75.596224 0.015551667235610574 1
7 1.3333333333333333 0.0 0.0 44.510136 0.018867904948118738 1
9 0.2857142857142857 0.0 1.7777777777777777 74.74771199999999 0.017327121007031786 1
10 0.42857142857142855 30.0 0.0 31.490056 0.007281392849802111 1
10 0.25 20.0 0.0 72.516064 0.008605661403076888 1
10 0.0 70.0 0.0 28.488832 0.005915457248869574 1
6 0.2 16.666666666666664 0.0 47.968736 0.031252663190898325 1
6 0.0 50.0 0.0 15.663552 0.001801454542325525 1
6 0.2 33.33333333333333 0.0 18.046536 0.005774841473314075 1
11 0.1 36.36363636363637 0.0 39.50306400000001 0.004279223103915383 1
11 0.8333333333333334 0.0 0.7272727272727273 46.339752000000004 0.014107744867070506 1
11 0.1 36.36363636363637 0.0 57.27748 0.008314566897754795 1
8 0.3333333333333333 12.5 0.0 39.44912 0.010631349932631127 1
8 0.6 0.0 0.0 38.742168 0.009188280519968199 1
6 0.0 50.0 0.0 3.88628 0.00416974581117259 1
8 0.14285714285714285 12.5 0.0 36.97732 0.004340810532328026 1
8 1.0 0.0 0.0 43.24968 0.05083842403718708 1
9 0.125 44.44444444444444 0.8888888888888888 34.610136 0.009292429150130548 1
9 0.2857142857142857 22.22222222222222 0.0 51.73472 0.005842907829308154 1
7 0.16666666666666666 14.285714285714285 0.0 16.399448 0.003390844170163111 1
11 0.1 45.45454545454545 0.0 56.901296 0.006068417722888416 1
9 0.2857142857142857 22.22222222222222 0.8888888888888888 55.46894399999999 0.007055582050110969 1
7 0.75 0.0 0.0 36.53276 0.044734956665938894 1
8 0.6 0.0 0.0 9.298128 0.002187415475281367 1
6 0.2 16.666666666666664 0.0 28.268136 0.015195907841604059 1
7 0.0 57.14285714285714 0.0 12.368424 0.004154264915715824 1
6 0.0 50.0 0.0 21.714288 0.005212952628022415 1
10 0.6666666666666666 0.0 0.0 24.815248 0.004130697184108673 1
11 0.375 18.181818181818183 0.7272727272727273 70.484456 0.005682986958563223 1
9 0.2857142857142857 0.0 0.8888888888888888 65.79996 0.02156121959079032 1
7 0.16666666666666666 42.857142857142854 0.0 46.213704 0.0014384128614503002 1
10 0.42857142857142855 0.0 0.8 69.869976 0.01627004832563499 1
10 0.25 10.0 0.0 69.916416 0.01200437681034775 1
8 0.3333333333333333 0.0 0.0 41.941664 0.012582488513023767 1
11 0.375 27.27272727272727 0.7272727272727273 55.554576 0.014098864306073246 1
8 0.3333333333333333 25.0 0.0 25.251472 0.01023958042740864 1
9 0.2857142857142857 11.11111111111111 0.0 45.903728 0.019685516561954157 1
10 0.1111111111111111 40.0 0.8 78.24824000000001 0.017514354736949386 1
6 1.0 0.0 0.0 37.847544 0.005307598597794326 1
6 0.2 33.33333333333333 0.0 8.0 0.0047756761008147 1
9 0.125 44.44444444444444 0.8888888888888888 12.035768000000001 0.007218847044791072 1
11 0.8333333333333334 0.0 0.0 47.888104 0.004806691881375689 1
8 1.0 12.5 1.0 33.14044 0.008831156934093821 1
11 0.1 36.36363636363637 0.7272727272727273 41.649744 0.007266010445361187 1
7 0.4 0.0 1.1428571428571428 17.340512 0.00978868090855279 1
8 0.14285714285714285 12.5 1.0 54.635488 0.015105041385643118 1
9 0.0 66.66666666666666 0.0 38.603488 0.004689475595192195 1
7 0.4 0.0 0.0 22.943959999999997 0.0056928911400937416 1
10 0.0 70.0 0.0 73.328536 0.006039651123117521 1
9 0.125 33.33333333333333 0.0 32.745183999999995 0.0072362244735533 1
8 0.3333333333333333 12.5 0.0 27.072216 0.014089535244796354 1
10 0.1111111111111111 50.0 0.0 13.675144 0.0021688960654239133 1
7 0.75 0.0 1.1428571428571428 40.9778 0.04602668118071853 1
11 0.0 72.72727272727273 0.0 48.224784 0.0071970808383329905 1
7 0.16666666666666666 28.57142857142857 0.0 18.098551999999998 0.005184012645082177 1
9 0.2857142857142857 33.33333333333333 0.8888888888888888 35.941784 0.025219022203362317 1
7 0.16666666666666666 0.0 0.0 15.025872 0.013313143827752331 1
7 0.0 57.14285714285714 0.0 19.138632 0.016591692912398846 1
10 1.0 0.0 1.6 80.07848000000001 0.03223312956228568 1
7 0.0 57.14285714285714 0.0 40.617632 0.007586706811481454 1
9 0.5 0.0 0.8888888888888888 26.26596 0.007375472456525942 1
6 0.0 50.0 1.3333333333333333 19.541408 0.014267274310496703 1
6 0.5 0.0 0.0 45.04188 0.03925730584948807 1
10 0.25 20.0 0.8 42.467776 0.009798291490697423 1
11 0.2222222222222222 27.27272727272727 0.0 59.943704000000004 0.017058928687567223 1
10 0.1111111111111111 50.0 0.0 39.092000000000006 0.0020101653272087947 1
11 0.5714285714285714 0.0 0.0 43.848472 0.0038468638585766007 1
8 0.0 62.5 0.0 31.542896 0.008122725970598958 1
7 0.16666666666666666 14.285714285714285 1.1428571428571428 43.814912 0.012838902343969357 1
9 0.5 0.0 0.8888888888888888 34.463744 0.0077666556820913755 1
9 0.125 33.33333333333333 0.0 29.116408000000003 0.015817251056690466 1
6 0.0 50.0 0.0 8.0 0.008190887774240076 1
6 0.2 33.33333333333333 0.0 8.859496 0.013228590461768051 1
11 0.1 63.63636363636363 0.0 59.815023999999994 0.013134618697780036 1
10 0.42857142857142855 0.0 0.8 47.167952 0.012618215687472175 1
7 0.0 57.14285714285714 0.0 15.101792 0.003333816007063679 1
7 0.0 57.14285714285714 0.0 20.45356 0.00583679083672271 1
8 0.0 62.5 0.0 22.267344 0.002926212511605798 1
8 0.0 62.5 0.0 35.621680000000005 0.0028423561802294658 1
6 0.2 0.0 0.0 18.564312 0.01314947095634518 1
8 0.6 0.0 0.0 49.160856 0.004849924922160295 1
9 0.2857142857142857 22.22222222222222 0.0 61.784544 0.02067008709231932 1
6 1.0 0.0 0.0 16.227256 0.01309914304355453 1
10 0.1111111111111111 30.0 0.0 41.055192000000005 0.006491650421040508 1
11 0.1 45.45454545454545 0.0 41.105008 0.009103523876575504 1
6 0.0 50.0 0.0 37.8876 0.012324063899131378 1
9 0.5 22.22222222222222 0.0 53.390032000000005 0.010170423981998786 1
10 0.0 70.0 0.0 28.341936 0.013529657442092833 1
9 0.2857142857142857 11.11111111111111 0.0 49.392224 0.0528540314393668 1
6 0.0 50.0 0.0 28.617472 0.03377347858147642 1
11 0.5714285714285714 9.090909090909092 0.7272727272727273 73.399552 0.016762928199310873 1
8 0.14285714285714285 50.0 0.0 44.435528 0.006483762032681696 1
11 0.1 36.36363636363637 0.0 76.389832 0.005314606945750649 1
8 0.0 62.5 1.0 22.944512 0.006148959064284486 1
11 0.2222222222222222 18.181818181818183 0.7272727272727273 71.300264 0.031119987632987664 1
6 0.2 16.666666666666664 1.3333333333333333 44.454008 0.017859651734924823 1
8 0.3333333333333333 12.5 4.0 70.11389600000001 0.03047003973275672 1
9 0.0 66.66666666666666 0.0 55.26245599999999 0.007403036457758941 1
10 0.6666666666666666 0.0 0.8 39.221856 0.00835958531766051 1
7 0.0 57.14285714285714 0.0 34.205112 0.0120945931821144 1
11 0.1 36.36363636363637 0.0 66.427808 0.008468503066658075 1
8 0.14285714285714285 50.0 0.0 52.741488000000004 0.010845021365644435 1
7 0.75 0.0 0.0 41.787392 0.017108520747588642 1
8 0.0 62.5 0.0 24.0 0.002945787444278743 1
6 0.5 0.0 0.0 14.489 0.018362446576823246 1
11 0.1 36.36363636363637 0.0 35.408120000000004 0.004963915619882911 1
11 0.2222222222222222 27.27272727272727 0.0 53.423152 0.00839121302012033 1
10 0.42857142857142855 20.0 0.0 39.873608000000004 0.006964157508132263 1
6 0.2 16.666666666666664 0.0 16.392903999999998 0.0072966098556460565 1
10 0.1111111111111111 60.0 0.0 46.473575999999994 0.009361019011241582 1
8 0.6 12.5 0.0 56.74248 0.016395729354988255 1
7 0.0 57.14285714285714 0.0 34.904392 0.005465004965504521 1
9 0.5 22.22222222222222 0.8888888888888888 76.23536 0.02186935345664906 1
9 0.125 55.55555555555556 0.0 39.565256000000005 0.008229283241735484 1
9 0.125 33.33333333333333 0.0 30.875823999999998 0.0031627984836938077 1
9 0.8 0.0 0.0 50.99176 0.027094862160830215 1
7 0.0 57.14285714285714 0.0 8.590399999999999 0.0026842950936049885 1
11 0.2222222222222222 27.27272727272727 0.0 98.318072 0.013035943257428616 1
9 0.5 0.0 0.0 44.969167999999996 0.009805767858197437 1
11 0.2222222222222222 9.090909090909092 0.0 39.042752 0.008337668352682159 1
7 0.0 57.14285714285714 0.0 43.97616 0.005340600256986378 1
8 0.14285714285714285 50.0 0.0 60.758648 0.02568750399297532 1
6 0.2 33.33333333333333 0.0 8.0 0.001348026983351727 1
11 0.375 9.090909090909092 1.4545454545454546 57.191648 0.015743830758937337 1
9 0.125 33.33333333333333 0.0 62.285096 0.006560394454739763 1
11 0.5714285714285714 0.0 0.0 74.019048 0.02200131886143085 1
6 0.2 33.33333333333333 0.0 14.21856 0.006982859206745435 1
8 0.3333333333333333 37.5 0.0 23.503943999999997 0.021421948622769645 1
10 0.1111111111111111 40.0 0.8 47.826968 0.021417386462261937 1
8 0.3333333333333333 25.0 0.0 32.295744 0.00657951627357196 1
6 0.2 0.0 0.0 23.647968 0.025458153193862614 1
10 0.1111111111111111 50.0 0.8 43.332616 0.010532218755434978 1
8 0.3333333333333333 25.0 0.0 28.997287999999998 0.02191998327154716 1
11 0.1 36.36363636363637 0.0 51.038759999999996 0.004349754974913456 1
7 0.16666666666666666 42.857142857142854 0.0 4.161336 0.001564868431348746 1
9 0.5 0.0 0.8888888888888888 61.852487999999994 0.057225852865829416 1
11 0.1 54.54545454545454 0.7272727272727273 74.65075200000001 0.007810599642942954 1
10 2.3333333333333335 0.0 0.0 84.690992 0.04302947907367157 1
7 0.16666666666666666 14.285714285714285 8.0 46.485928 0.040708873015873524 1
10 0.25 10.0 0.8 72.990992 0.013874015979177807 1
10 0.25 20.0 0.0 56.150544000000004 0.009539718585747205 1
8 0.6 12.5 0.0 64.605008 0.023829860731189693 1
8 0.14285714285714285 37.5 0.0 27.683776 0.002663745254231584 1
6 0.5 0.0 0.0 20.880896 0.007609050914357609 1
11 0.1 54.54545454545454 0.0 22.520424 0.003694455603256513 1
8 0.0 62.5 1.0 38.818536 0.016450818799678087 1
6 0.0 50.0 0.0 13.725359999999998 0.004351230110929113 1
7 0.4 0.0 0.0 40.920384 0.004043783967934724 1
9 0.125 22.22222222222222 0.8888888888888888 64.73756 0.013085080019286611 1
7 0.16666666666666666 28.57142857142857 0.0 0 0.0023567088288004687 1
10 0.25 10.0 0.8 43.500896 0.007097814625695125 1
7 0.16666666666666666 42.857142857142854 0.0 14.462119999999999 0.006173536593686479 1
9 1.25 0.0 0.8888888888888888 83.146784 0.05866307393431434 1
6 0.0 50.0 0.0 33.937976000000006 0.008144574381595616 1
11 0.1 36.36363636363637 0.7272727272727273 50.511776 0.010159700594497669 1
11 0.0 72.72727272727273 0.0 29.403712 0.008956160505696562 1
10 0.1111111111111111 50.0 0.0 57.635239999999996 0.0049104681071469565 1
8 0.0 62.5 0.0 17.65212 0.005227955382994864 1
8 0.6 0.0 0.0 34.684824 0.01877168793219808 1
11 0.1 36.36363636363637 0.0 26.961704 0.014173560534200253 1
7 0.4 28.57142857142857 1.1428571428571428 30.475912 0.008765271504196806 1
7 0.4 0.0 0.0 4.816736 0.002760253866392413 1
10 0.42857142857142855 0.0 0.8 48.548968 0.00854274259528411 1
6 0.5 0.0 0.0 30.342696000000004 0.009634447898684001 1
10 0.1111111111111111 60.0 0.0 40.283096 0.004726032575347164 1
7 0.0 57.14285714285714 0.0 14.65732 0.006868109640457048 1
10 0.25 20.0 0.8 56.58784 0.006471530827146449 1
7 0.16666666666666666 42.857142857142854 1.1428571428571428 37.125104 0.01611458142337133 1
6 0.5 0.0 0.0 11.437368 0.006178171437851405 1
7 0.4 0.0 0.0 41.970727999999994 0.04809882979886048 1
11 0.5714285714285714 9.090909090909092 0.0 64.71532 0.008487171031557241 1
7 0.4 14.285714285714285 0.0 23.701960000000003 0.00650119967572692 1
10 0.25 10.0 1.6 81.435744 0.02114383564382925 1
6 0.2 16.666666666666664 0.0 12.93748 0.015403919244582401 1
11 0.5714285714285714 0.0 0.7272727272727273 84.370184 0.020282725667747192 1
9 0.2857142857142857 44.44444444444444 0.0 47.339728 0.02189183093187387 1
9 0.2857142857142857 22.22222222222222 0.0 65.115696 0.015630965093712205 1
11 0.2222222222222222 18.181818181818183 0.7272727272727273 65.049792 0.008865332560081735 1
6 0.0 50.0 0.0 21.178936 0.001114821221360668 1
6 0.2 33.33333333333333 0.0 11.800624 0.0051950875101630855 1
7 0.0 57.14285714285714 0.0 15.747959999999999 0.0029290450999151113 1
8 0.6 25.0 0.0 22.201688 0.009025370912652986 1
8 0.3333333333333333 37.5 0.0 15.016551999999999 0.003187809374414406 1
6 0.0 50.0 0.0 15.542992000000002 0.03016626514319536 1
10 0.25 10.0 0.0 57.587152 0.042752867656797075 1
10 0.25 30.0 2.4 41.401368 0.009472910885686353 1
7 0.0 57.14285714285714 0.0 10.971968 0.004139535214991961 1
6 0.2 33.33333333333333 0.0 31.308624000000002 0.0024690728261252365 1
7 0.0 57.14285714285714 0.0 38.942887999999996 0.003402130071903219 1
10 0.42857142857142855 10.0 0.0 31.733328 0.011463835885756134 1
11 0.1 36.36363636363637 0.0 63.593736 0.009905418913437457 1
9 0.125 44.44444444444444 0.0 51.810176 0.007830047260213776 1
8 0.3333333333333333 0.0 0.0 57.375367999999995 0.013706761793060776 1
7 0.0 57.14285714285714 0.0 8.0 0.0007886899176776234 1
6 2.0 0.0 0.0 14.424520000000001 0.0373327766158619 1
10 0.25 10.0 0.0 68.81145599999999 0.014299479972496438 1
11 0.1 36.36363636363637 0.7272727272727273 71.898968 0.00781491720366828 1
8 0.6 0.0 0.0 16.0 0.0033880314313827105 1
7 0.16666666666666666 42.857142857142854 0.0 18.718728 0.012168055636061744 1
6 0.2 0.0 0.0 45.009888000000004 0.035486545946436666 1
10 0.42857142857142855 20.0 0.8 56.889144 0.012601271735269738 1
10 0.25 20.0 0.0 55.42548 0.012649564762429165 1
10 0.25 20.0 0.0 27.272472 0.001941988203763495 1
7 0.4 0.0 0.0 34.368128 0.006537839110896495 1
10 0.42857142857142855 20.0 0.0 25.665848 0.005519324609221515 1
7 0.0 57.14285714285714 0.0 25.39472 0.0037741718351595364 1
9 0.5 22.22222222222222 0.0 33.682448 0.005159780381928566 1
9 0.0 66.66666666666666 0.0 33.42196 0.003826231509749014 1
7 0.4 0.0 0.0 25.813144 0.014026180406766063 1
6 0.2 33.33333333333333 0.0 14.021232 0.0051527062592912586 1
7 0.0 57.14285714285714 0.0 22.299464 0.0020970313434797543 1
6 0.5 0.0 0.0 11.775576 0.003617327506383595 1
11 0.5714285714285714 0.0 2.1818181818181817 65.617856 0.011854219583780759 1
9 0.2857142857142857 44.44444444444444 0.0 51.130944 0.011805097426223215 1
7 0.4 0.0 0.0 54.15308 0.008211948967519889 1
6 0.0 50.0 1.3333333333333333 12.627736 0.015848256567219336 1
10 0.42857142857142855 30.0 0.0 72.352696 0.026288125085185837 1
6 0.2 16.666666666666664 1.3333333333333333 31.904904000000002 0.011982166476364908 1
8 0.0 62.5 0.0 27.857632 0.006812660515588563 1
8 0.0 62.5 0.0 12.620864000000001 0.005169832958564923 1
10 0.42857142857142855 0.0 0.8 37.722904 0.004604441230634321 1
6 0.5 0.0 0.0 12.1874 0.008135591943125117 1
11 0.2222222222222222 27.27272727272727 2.1818181818181817 37.295208 0.010128787586796898 1
11 0.2222222222222222 27.27272727272727 0.0 45.44492 0.018061737827148993 1
11 0.2222222222222222 54.54545454545454 0.0 53.81000799999999 0.010537315085192043 1
11 0.2222222222222222 27.27272727272727 0.0 62.019735999999995 0.009145283404558521 1
6 0.2 16.666666666666664 0.0 6.242096 0.008145382445437967 1
8 0.6 0.0 0.0 48.421424 0.03362994716303758 1
10 0.1111111111111111 30.0 0.8 104.9818 0.01330293619402581 1
7 0.16666666666666666 28.57142857142857 1.1428571428571428 22.722272 0.016856755038232873 1
8 0.3333333333333333 0.0 1.0 36.289264 0.025083441505893558 1
11 0.2222222222222222 27.27272727272727 1.4545454545454546 82.49623199999999 0.016925119281478874 1
8 0.3333333333333333 0.0 0.0 41.875776 0.027009671620373595 1
6 0.0 50.0 0.0 21.43692 0.00879762074874278 1
8 0.3333333333333333 12.5 1.0 53.017959999999995 0.031803889725526745 1
10 0.1111111111111111 30.0 0.0 47.204976 0.0028848956385702593 1
7 0.16666666666666666 0.0 0.0 39.892744 0.009323616723841782 1
8 0.6 0.0 0.0 30.231752 0.004012173369021277 1
9 0.125 22.22222222222222 3.5555555555555554 59.073416 0.02176784262486761 1
7 0.16666666666666666 42.857142857142854 0.0 4.953704 0.0023922934221472306 1
10 0.1111111111111111 30.0 0.0 77.00473600000001 0.013719804955009296 1
6 0.5 0.0 1.3333333333333333 38.743832 0.06598752807504694 1
9 0.0 66.66666666666666 0.0 43.78948 0.003131721753084201 1
10 0.25 0.0 0.0 77.53189599999999 0.006519899915334838 1
6 1.0 0.0 1.3333333333333333 22.406568 0.009392071657559285 1
6 0.2 33.33333333333333 0.0 15.028911999999998 0.007151448470679811 1
7 0.0 57.14285714285714 0.0 30.518159999999998 0.0212913856392878 1
7 0.16666666666666666 42.857142857142854 0.0 25.924352 0.005353090999613125 1
7 0.0 57.14285714285714 0.0 8.0 0.0016548350849641905 1
8 0.3333333333333333 12.5 0.0 13.821815999999998 0.0056413921254920025 1
6 0.2 33.33333333333333 0.0 12.77336 0.0037387416392777985 1
8 0.6 0.0 1.0 44.488112 0.04180095996070666 1
9 0.125 33.33333333333333 0.0 49.788936 0.013205621540026316 1
6 0.0 50.0 0.0 16.980856 0.006200166725399297 1
9 0.125 55.55555555555556 0.0 46.21968 0.003559127754890577 1
11 0.0 72.72727272727273 0.0 32.496872 0.0027769683994546723 1
10 0.25 40.0 0.0 26.770671999999998 0.006020724622793024 1
10 1.0 0.0 0.8 60.072 0.016578681053783947 1
11 0.2222222222222222 27.27272727272727 0.0 49.689592000000005 0.021626621755648782 1
7 0.16666666666666666 42.857142857142854 0.0 27.455664 0.011300487736220648 1
6 0.0 50.0 0.0 18.430912 0.012580180158505453 1
7 0.16666666666666666 28.57142857142857 0.0 18.296384 0.006118617386046773 1
11 0.375 9.090909090909092 0.7272727272727273 75.274896 0.01919074149138163 1
6 0.2 33.33333333333333 0.0 21.265096 0.01266617056910202 1
7 0.4 14.285714285714285 0.0 20.491904 0.004785812447937584 1
11 0.2222222222222222 27.27272727272727 0.7272727272727273 49.157104000000004 0.008462802465015011 1
10 0.25 40.0 0.0 21.020536000000003 0.003957030298893924 1
8 0.0 62.5 0.0 26.867216 0.004619178198624103 1
7 0.16666666666666666 42.857142857142854 0.0 12.818408 0.00240057713605211 1
11 0.1 54.54545454545454 0.7272727272727273 51.50885600000001 0.008129260722204905 1
9 0.2857142857142857 11.11111111111111 0.0 32.59912800000001 0.00969678989098981 1
9 0.125 33.33333333333333 0.0 30.193992 0.0030057969562962148 1
7 0.16666666666666666 14.285714285714285 0.0 18.616048 0.012307680691622455 1
11 0.1 36.36363636363637 0.0 40.534816 0.007885932913975283 1
9 0.5 0.0 0.8888888888888888 74.817656 0.04752320521269752 1
6 0.2 33.33333333333333 0.0 11.726952 0.001547278013815746 1
6 1.0 0.0 1.3333333333333333 26.321592000000003 0.013912891989737873 1
10 0.1111111111111111 60.0 0.0 88.594624 0.0031205054950369728 1
6 0.0 50.0 0.0 17.423968000000002 0.0029021196909952184 1
10 0.25 20.0 0.8 72.978792 0.032551713184117925 1
7 0.4 14.285714285714285 0.0 22.863951999999998 0.017974115452502278 1
8 0.3333333333333333 37.5 0.0 19.6072 0.023226603629161634 1
8 1.0 0.0 4.0 79.612312 0.02836027856881527 1
11 0.8333333333333334 0.0 0.0 62.50908 0.02360655041023923 1
9 0.125 33.33333333333333 1.7777777777777777 58.606288 0.025448230490532447 1
11 0.2222222222222222 54.54545454545454 0.0 66.825568 0.0040130694289183325 1
11 0.2222222222222222 45.45454545454545 0.0 36.98891999999999 0.006324864735508488 1
10 0.42857142857142855 40.0 0.0 37.6178 0.010377594840340537 1
7 0.16666666666666666 28.57142857142857 0.0 16.767879999999998 0.0034183662629397554 1
8 0.0 62.5 0.0 31.716912 0.011318870307213449 1
10 0.1111111111111111 30.0 2.4 55.592624 0.01229778023221484 1
10 0.1111111111111111 30.0 0.0 42.665392 0.009839805153504853 1
8 0.3333333333333333 12.5 1.0 41.412208 0.03062777381508338 1
10 0.25 40.0 0.8 69.428712 0.020924353110458305 1
10 0.25 20.0 0.0 63.150879999999994 0.019683681645308704 1
7 0.4 14.285714285714285 0.0 42.297904 0.018978936948223377 1
10 0.1111111111111111 30.0 0.8 81.481864 0.013157478623744041 1
9 0.0 66.66666666666666 0.0 38.023888 0.00800486271399077 1
7 0.0 57.14285714285714 0.0 24.07988 0.012141197894353944 1
11 0.5714285714285714 0.0 0.0 69.67270400000001 0.013570188957572634 1
11 0.2222222222222222 9.090909090909092 0.0 37.574495999999996 0.014944910197916642 1
8 0.3333333333333333 37.5 0.0 39.645855999999995 0.008049398598274663 1
9 0.2857142857142857 11.11111111111111 0.0 55.897472 0.02520299105051939 1
8 1.0 0.0 0.0 63.079176 0.03119911744658952 1
11 0.0 72.72727272727273 0.0 57.753248 0.013380064435712385 1
6 0.5 0.0 0.0 26.717048 0.014088013621619242 1
9 0.0 66.66666666666666 0.0 50.03604 0.011513261267355511 1
7 0.0 57.14285714285714 0.0 52.844096 0.02601149205738131 1
6 0.0 50.0 0.0 17.067576 0.007546863323960185 1
11 0.375 9.090909090909092 0.7272727272727273 76.82396 0.027424881909392417 1
7 0.16666666666666666 14.285714285714285 0.0 12.776976 0.003260992626640377 1
6 0.0 50.0 0.0 18.82396 0.025018734401949107 1
7 0.0 57.14285714285714 0.0 54.333488 0.00860771589894882 1
9 0.125 44.44444444444444 0.0 64.441056 0.052414078088476576 1
11 0.2222222222222222 36.36363636363637 0.0 68.083752 0.010423798766494541 1
9 0.5 0.0 0.0 89.492392 0.017139625204705324 1
9 0.0 66.66666666666666 0.0 26.503304000000004 0.010101868006375614 1
11 0.375 45.45454545454545 0.0 57.749824000000004 0.008090860631700829 1
11 0.2222222222222222 9.090909090909092 0.0 29.177248 0.004955095457428533 1
10 0.1111111111111111 60.0 0.0 34.027248 0.010434626874841079 1
9 0.0 66.66666666666666 0.0 32.06336 0.003983835894639642 1
11 0.1 45.45454545454545 0.0 51.19616800000001 0.011089363311769636 1
10 0.1111111111111111 50.0 0.0 24.818216 0.01895376793813505 1
7 0.0 57.14285714285714 0.0 19.198208 0.001731667586710176 1
6 0.0 50.0 0.0 3.743088 0.001200270289236659 1
11 0.2222222222222222 36.36363636363637 0.7272727272727273 65.968312 0.021541033255092084 1
7 0.4 0.0 0.0 21.270584000000003 0.022831767780457195 1
9 0.2857142857142857 11.11111111111111 0.0 30.5898 0.005588901117761953 1
8 0.3333333333333333 0.0 0.0 65.112016 0.018840146658671602 1
9 0.125 33.33333333333333 0.0 59.017696 0.009314318648507357 1
10 0.25 20.0 0.0 45.651216 0.005890265472922489 1
8 0.14285714285714285 50.0 1.0 29.800352 0.01474242935225446 1
11 0.2222222222222222 18.181818181818183 0.0 74.40299200000001 0.020006022602872632 1
11 0.2222222222222222 36.36363636363637 0.0 42.603968 0.003226997814536537 1
10 0.25 20.0 3.2 50.528024 0.02318701246067617 1
7 0.16666666666666666 0.0 1.1428571428571428 44.117143999999996 0.008577574873063014 1
10 0.0 70.0 0.8 52.764103999999996 0.0038312642067107154 1
6 0.5 16.666666666666664 0.0 15.606128 0.014013156461922827 1
11 0.1 36.36363636363637 0.0 25.163256 0.0034971838367620738 1
11 0.2222222222222222 36.36363636363637 0.7272727272727273 29.832839999999997 0.003344960565095311 1
11 0.0 72.72727272727273 0.0 51.848424 0.010017772856519485 1
11 0.375 9.090909090909092 0.0 50.015808 0.008590535703270754 1
8 0.0 62.5 0.0 24.82404 0.014117646905546472 1
7 0.4 14.285714285714285 0.0 19.64716 0.014849149197996389 1
6 0.5 0.0 0.0 12.878983999999999 0.0060735074418785465 1
6 0.0 50.0 0.0 7.03312 0.0031334780226196985 1
7 0.16666666666666666 28.57142857142857 1.1428571428571428 19.009904 0.00342203163510035 1
7 1.3333333333333333 0.0 0.0 43.584536 0.043862240797397506 1
11 0.5714285714285714 9.090909090909092 2.909090909090909 82.66716 0.016194867664853417 1
11 0.2222222222222222 36.36363636363637 0.0 63.29834399999999 0.007575965338458548 1
8 0.0 62.5 0.0 32.733368 0.022420223787110873 1
7 0.75 0.0 0.0 58.270392 0.05210115499562603 1
9 0.5 11.11111111111111 0.8888888888888888 33.432103999999995 0.0030040728422115674 1
7 0.0 57.14285714285714 0.0 16.0 0.0031119459731401974 1
9 0.2857142857142857 0.0 2.6666666666666665 88.25675999999999 0.02334637073274962 1
11 0.0 72.72727272727273 0.0 49.842304 0.003204657805676366 1
11 0.375 18.181818181818183 0.7272727272727273 86.219552 0.03834980520717142 1
11 0.1 54.54545454545454 0.0 40.112968 0.0064260567506003365 1
8 1.0 0.0 0.0 51.718168 0.010381158932619539 1
7 0.4 0.0 0.0 20.327104 0.012218712975499854 1
10 0.6666666666666666 10.0 0.0 36.070872 0.007454819943830084 1
7 0.0 57.14285714285714 0.0 11.018608 0.003887204439464005 1
6 0.2 16.666666666666664 0.0 15.651055999999999 0.01628791415723715 1
11 0.0 72.72727272727273 0.0 41.989248 0.005544166123257115 1
8 0.14285714285714285 50.0 0.0 8.0 0.0044529017972146125 1
9 0.0 66.66666666666666 0.0 18.43536 0.0040304873426338745 1
8 0.3333333333333333 0.0 1.0 47.928136 0.03188793062089049 1
8 0.6 0.0 0.0 38.130272000000005 0.003893095873495385 1
8 0.0 62.5 0.0 43.3316 0.0023140656366729914 1
7 0.16666666666666666 14.285714285714285 1.1428571428571428 55.620016 0.039220752982184845 1
6 0.0 50.0 0.0 21.672368 0.010049233803258277 1
7 0.0 57.14285714285714 0.0 19.337784 0.001598580772886028 1
6 0.2 16.666666666666664 1.3333333333333333 40.505864 0.030504510971404428 1
10 0.1111111111111111 40.0 0.0 37.676792 0.0044353406124476155 1
7 0.16666666666666666 42.857142857142854 0.0 26.132728 0.012528119068932732 1
7 0.16666666666666666 14.285714285714285 0.0 17.479224 0.02226958100370153 1
10 0.1111111111111111 30.0 0.8 61.197703999999995 0.007103458717154223 1
6 0.2 0.0 0.0 10.824248 0.006065945573695563 1
6 0.5 0.0 0.0 21.874296 0.0023104623086536635 1
10 0.1111111111111111 50.0 0.0 35.447672000000004 0.007544447207584525 1
9 0.125 22.22222222222222 0.0 25.213735999999997 0.013684692415818434 1
10 0.0 70.0 0.0 35.575856 0.006363965700830307 1
6 0.2 0.0 0.0 24.348264 0.020452442153172552 1
8 0.3333333333333333 12.5 1.0 64.23868 0.028119739230012115 1
7 0.0 57.14285714285714 0.0 28.887344 0.006269906710330646 1
9 0.5 11.11111111111111 0.0 42.37098400000001 0.015316285781330319 1
10 0.1111111111111111 40.0 0.8 44.056736 0.010732564620175787 1
11 0.0 72.72727272727273 0.0 31.848839999999996 0.005194285242057717 1
11 0.1 36.36363636363637 0.0 68.398048 0.005473575940817509 1
6 1.0 0.0 0.0 17.88212 0.021254711267187587 1
10 0.1111111111111111 60.0 0.0 51.356496 0.0035680125400380904 1
10 0.42857142857142855 30.0 0.0 25.448976 0.004141301483498038 1
9 0.125 55.55555555555556 0.0 58.62676 0.011729242326503303 1
10 0.1111111111111111 30.0 0.8 72.08832000000001 0.013687058570970499 1
8 0.14285714285714285 25.0 2.0 37.35532 0.016956513028572495 1
9 0.2857142857142857 33.33333333333333 0.0 43.25025600000001 0.05090968385246703 1
10 0.25 10.0 0.8 47.579336 0.019002705349501506 1
11 0.0 72.72727272727273 0.0 39.466504 0.007943380591242976 1
9 0.125 33.33333333333333 0.0 29.751984 0.008120017230100522 1
10 0.6666666666666666 20.0 0.0 66.47042400000001 0.02340142707127006 1
10 0.25 40.0 0.0 36.601576 0.003717605847505847 1
10 0.42857142857142855 20.0 0.0 66.287216 0.007843893168782513 1
9 0.125 22.22222222222222 0.0 24.873624 0.0030930313415009274 1
7 0.16666666666666666 42.857142857142854 0.0 35.172016 0.01046187507960413 1
7 0.16666666666666666 42.857142857142854 0.0 23.265616 0.006829074125627261 1
8 0.0 62.5 0.0 24.0 0.002465666568647733 1
6 0.2 0.0 0.0 21.940312 0.0030802555092442974 1
7 0.0 57.14285714285714 0.0 27.970000000000002 0.0030720179228609693 1
6 0.2 33.33333333333333 0.0 50.24596 0.01295633952064983 1
9 0.125 22.22222222222222 0.0 37.102984 0.015467129063549809 1
8 0.3333333333333333 12.5 0.0 44.847072 0.003494520742654523 1
7 1.3333333333333333 0.0 0.0 31.44548 0.030189895748006654 1
8 0.14285714285714285 50.0 0.0 20.7482 0.007782621399392275 1
7 0.16666666666666666 42.857142857142854 1.1428571428571428 57.82408 0.01644461236175049 1
10 0.6666666666666666 20.0 0.0 27.637504 0.029413033326274818 1
10 0.42857142857142855 0.0 0.0 37.040904000000005 0.005588151386704942 1
7 0.75 14.285714285714285 0.0 25.570064 0.006412251494993758 1
10 0.25 0.0 0.0 41.244352 0.005596562279581542 1
7 0.16666666666666666 14.285714285714285 1.1428571428571428 39.447552 0.008994882786104556 1
7 0.4 0.0 0.0 25.102664 0.019085080761198067 1
8 0.3333333333333333 0.0 3.0 66.55921599999999 0.023837528102261293 1
8 0.3333333333333333 0.0 0.0 31.233672 0.006983271631302646 1
7 0.16666666666666666 42.857142857142854 0.0 26.8338 0.0034704763496957135 1
6 0.0 50.0 0.0 22.409896 0.012183040158575803 1
11 0.8333333333333334 0.0 0.0 92.168704 0.018911542377646966 1
9 0.125 22.22222222222222 0.8888888888888888 14.705592 0.006314715339779904 1
11 0.5714285714285714 9.090909090909092 0.0 68.031056 0.006771511845282513 1
6 0.2 0.0 1.3333333333333333 18.738968 0.007429870635272766 1
9 0.125 44.44444444444444 0.0 38.177208 0.00978940872103308 1
7 0.16666666666666666 28.57142857142857 1.1428571428571428 6.832104 0.008941106596014626 1
10 0.1111111111111111 30.0 0.0 28.854704 0.00811107356261066 1
11 0.1 54.54545454545454 0.0 57.242568000000006 0.009537138388198287 1
8 0.14285714285714285 50.0 0.0 14.955696 0.004401440889890186 1
8 0.3333333333333333 12.5 0.0 25.128192000000002 0.004182301797820184 1
6 0.2 16.666666666666664 0.0 36.555848 0.037425192975150325 1
9 0.2857142857142857 11.11111111111111 0.8888888888888888 54.27917600000001 0.010064424410684829 1
9 0.2857142857142857 11.11111111111111 0.0 78.039376 0.023221605044206815 1
8 0.6 12.5 0.0 28.240272000000004 0.009866444277214392 1
6 0.5 0.0 5.333333333333333 35.45504 0.01975038176193896 1
8 0.14285714285714285 12.5 0.0 53.857968 0.006903662236627859 1
11 0.5714285714285714 0.0 2.1818181818181817 86.15159200000001 0.02911144597053659 1
6 0.5 0.0 0.0 0 0.003640229405263345 1
9 0.5 0.0 0.8888888888888888 27.031416 0.008882837476497289 1
8 0.14285714285714285 50.0 0.0 35.572888000000006 0.002975250130157992 1
8 0.0 62.5 0.0 28.38044 0.00228995754985344 1
11 0.2222222222222222 27.27272727272727 0.0 52.92332 0.0025055952220670824 1
6 0.0 50.0 0.0 11.443552 0.004393944293067699 1
11 0.375 36.36363636363637 0.0 65.18226399999999 0.02148596232367935 1
6 0.5 16.666666666666664 0.0 15.163808 0.02582333470284354 1
9 0.125 44.44444444444444 0.0 61.992352 0.007111571088628043 1
11 0.2222222222222222 27.27272727272727 0.7272727272727273 108.754072 0.023551452571978736 1
11 0.1 54.54545454545454 0.0 46.063128 0.008370544430902079 1
10 0.1111111111111111 40.0 0.0 55.495344 0.008911250235463141 1
8 0.6 0.0 0.0 14.62608 0.007852771750406957 1
11 0.375 9.090909090909092 2.909090909090909 98.956192 0.04411539358069593 1
10 0.1111111111111111 30.0 0.0 38.032376 0.007247462776685824 1
7 0.16666666666666666 28.57142857142857 0.0 21.07508 0.008973492180726583 1
8 0.0 62.5 0.0 32.387656 0.010002313474044235 1
8 0.3333333333333333 37.5 0.0 29.538703999999996 0.008949769769169504 1
11 0.0 72.72727272727273 0.0 77.66324 0.00905327058429109 1
7 1.3333333333333333 0.0 1.1428571428571428 30.174184 0.028961951745841492 1
7 0.16666666666666666 0.0 0.0 59.099024 0.022227655081996735 1
6 0.5 0.0 0.0 9.515696 0.00804669312532046 1
8 0.0 62.5 0.0 52.904863999999996 0.004883718448322019 1
6 0.0 50.0 0.0 43.349192 0.016902273366071845 1
6 0.0 50.0 0.0 6.088448 0.003017386055345017 1
11 0.1 54.54545454545454 0.0 30.840519999999998 0.0031274582357871923 1
11 0.1 36.36363636363637 0.0 42.170488000000006 0.011611582463077037 1
7 0.0 57.14285714285714 0.0 8.0 0.0028633173529731284 1
11 0.2222222222222222 18.181818181818183 0.0 59.306568000000006 0.005743477139682492 1
9 0.0 66.66666666666666 0.0 26.569423999999998 0.0016249162385475547 1
7 0.16666666666666666 28.57142857142857 1.1428571428571428 37.068896 0.01882050748605153 1
8 0.14285714285714285 37.5 0.0 47.743776 0.0077783229550920235 1
8 0.14285714285714285 25.0 1.0 81.002056 0.008989025496318291 1
10 0.1111111111111111 40.0 0.0 44.435688 0.010586007701512842 1
10 0.25 30.0 0.8 50.347967999999995 0.01075417017469979 1
8 0.14285714285714285 12.5 1.0 44.819328 0.010504310987755715 1
11 0.2222222222222222 9.090909090909092 0.7272727272727273 77.834712 0.015926976626149822 1
9 0.125 22.22222222222222 0.0 23.078328 0.006578793617442961 1
9 0.8 0.0 0.8888888888888888 45.829359999999994 0.042869644670803744 1
7 0.0 57.14285714285714 0.0 41.719024 0.019176113747561382 1
8 0.6 0.0 2.0 69.319424 0.06152189401609928 1
9 0.125 22.22222222222222 1.7777777777777777 39.52988 0.004530303774950395 1
10 0.0 70.0 0.0 44.300951999999995 0.004996886865517051 1
11 0.1 36.36363636363637 0.0 57.47412 0.00417044211918516 1
7 0.16666666666666666 0.0 0.0 20.7276 0.01524620045856075 1
8 0.3333333333333333 25.0 0.0 11.512528 0.005348214787662001 1
8 0.14285714285714285 12.5 0.0 29.209848 0.005990353949490992 1
6 0.0 50.0 0.0 8.0 0.0008838323380398728 1
7 0.0 57.14285714285714 0.0 13.887416 0.0008620352463289505 1
11 0.1 45.45454545454545 0.0 33.22956 0.004666473939866461 1
8 0.14285714285714285 25.0 1.0 46.081528000000006 0.018180114086358803 1
9 0.2857142857142857 44.44444444444444 0.0 42.656328 0.007460593404158018 1
6 0.0 50.0 0.0 15.977024 0.009096335427392051 1
6 0.2 33.33333333333333 0.0 20.254776 0.007968062760550206 1
11 0.2222222222222222 27.27272727272727 0.0 51.216623999999996 0.014760364052705671 1
9 0.125 55.55555555555556 0.0 40.989456 0.006468282933614276 1
10 0.1111111111111111 30.0 0.0 46.190839999999994 0.012940272620022298 1
7 0.4 0.0 0.0 42.155424 0.005162405731196086 1
11 0.0 72.72727272727273 0.0 24.493448 0.0031524423884832864 1
9 0.125 33.33333333333333 0.0 24.252944000000003 0.0056772213676263075 1
6 0.2 16.666666666666664 0.0 4.822944 0.013961452261119016 1
11 0.1 36.36363636363637 0.7272727272727273 40.16816000000001 0.006638172213063667 1
11 0.2222222222222222 27.27272727272727 0.0 70.60996800000001 0.018570638099621735 1
11 0.375 45.45454545454545 0.0 27.903368 0.002384591274556421 1
9 0.125 33.33333333333333 0.0 80.04104000000001 0.016044988866739177 1
7 0.16666666666666666 14.285714285714285 1.1428571428571428 37.59968 0.01046679535478254 1
10 0.1111111111111111 30.0 0.8 55.62156 0.009362333823430866 1
6 0.5 0.0 0.0 14.825056 0.002084985956802147 1
9 0.2857142857142857 33.33333333333333 0.0 33.008528 0.02125503020616157 1
7 0.75 0.0 0.0 48.324096 0.01735227709829243 1
10 0.0 70.0 0.0 36.566096 0.007574227964217999 1
8 0.6 0.0 0.0 67.612064 0.025919195352493943 1
8 0.14285714285714285 12.5 1.0 59.237144 0.027078153902499343 1
7 0.4 14.285714285714285 0.0 10.82528 0.0029088601591912176 1
6 0.5 0.0 1.3333333333333333 26.289071999999997 0.05543587895409727 1
10 0.1111111111111111 30.0 0.0 19.594064000000003 0.0064154060839323335 1
8 0.14285714285714285 25.0 0.0 31.201152 0.0061738158539058514 1
7 0.75 0.0 1.1428571428571428 31.004312 0.017230725053515434 1
9 0.2857142857142857 0.0 0.8888888888888888 48.047904 0.01316086387584706 1
11 0.375 18.181818181818183 0.0 31.659664000000003 0.003920443584412098 1
8 0.0 62.5 0.0 33.667975999999996 0.008141055829704355 1
8 0.14285714285714285 12.5 1.0 38.07976 0.010265524656102431 1
7 0.4 0.0 0.0 28.228048 0.003789913783093436 1
8 0.14285714285714285 25.0 1.0 32.168231999999996 0.020113921983636512 1
11 0.1 36.36363636363637 0.7272727272727273 56.136896 0.007969634706371157 1
11 0.2222222222222222 18.181818181818183 0.0 80.09015199999999 0.01570638934512903 1
8 0.0 62.5 0.0 63.191936 0.024858742486298144 1
7 0.4 0.0 0.0 56.234904 0.018695358653504357 1
8 0.0 62.5 0.0 30.918512 0.0024508063948246945 1
9 0.0 66.66666666666666 0.0 23.723376000000002 0.003841142440316356 1
6 0.5 0.0 0.0 32.867672 0.010000485197435403 1
11 0.2222222222222222 18.181818181818183 0.7272727272727273 83.854408 0.02217123305654427 1
7 0.4 0.0 0.0 41.70384 0.014285995308202612 1
6 0.2 33.33333333333333 0.0 21.401896 0.016165592144624562 1
9 0.0 66.66666666666666 0.0 26.319744 0.014104686135716126 1
9 0.8 0.0 1.7777777777777777 38.456264000000004 0.015564446181140112 1
8 0.3333333333333333 37.5 0.0 24.152744 0.01589201532193209 1
10 0.1111111111111111 30.0 0.0 77.163792 0.005674220114596427 1
10 0.25 50.0 0.0 46.702032 0.012393581831993222 1
6 1.0 0.0 0.0 13.386232 0.019668273746516238 1
6 0.2 33.33333333333333 0.0 34.68088 0.009092177202697492 1
6 0.2 16.666666666666664 0.0 21.990704 0.04555348078960247 1
7 0.4 14.285714285714285 0.0 19.18144 0.046101836483372634 1
8 1.0 0.0 0.0 29.360576000000002 0.005381083769050078 1
11 0.2222222222222222 36.36363636363637 0.0 31.103384 0.009840599570730649 1
7 0.16666666666666666 0.0 1.1428571428571428 71.312664 0.03907054611421805 1
7 0.4 14.285714285714285 0.0 18.023352 0.0019020136049433063 1
9 0.125 22.22222222222222 0.8888888888888888 31.567616 0.012345585167646281 1
6 0.2 16.666666666666664 0.0 10.646367999999999 0.0034694092977253237 1
7 0.4 14.285714285714285 1.1428571428571428 32.410672000000005 0.011858367326936622 1
6 2.0 0.0 0.0 16.455640000000002 0.029384881507130162 1
7 0.75 0.0 0.0 38.92084800000001 0.04407549796209878 1
11 0.5714285714285714 9.090909090909092 0.7272727272727273 50.896511999999994 0.02221950916321869 1
7 0.0 57.14285714285714 0.0 38.544855999999996 0.009602472775807456 1
10 0.42857142857142855 20.0 0.0 21.035056 0.006916850556115045 1
11 0.1 45.45454545454545 0.0 45.490856 0.009632034959083985 1
6 0.0 50.0 0.0 18.072656000000002 0.008880259870748631 1
8 0.3333333333333333 25.0 0.0 44.651168 0.012237853357152476 1
9 0.2857142857142857 33.33333333333333 0.0 69.811616 0.01221396772580722 1
10 0.25 40.0 1.6 64.80370400000001 0.009761892325061031 1
6 0.2 16.666666666666664 0.0 8.0 0.010206460431755536 1
1 0.0 0.0 0.0 0 1.0 1
8 0.3333333333333333 0.0 0.0 27.927704000000002 0.005828385085535061 1
7 0.16666666666666666 14.285714285714285 1.1428571428571428 30.838072000000004 0.009270510818410734 1
11 0.1 54.54545454545454 0.7272727272727273 26.267008000000004 0.006044112837450455 1
9 0.5 11.11111111111111 0.0 34.873112 0.013923069843319943 1
9 0.125 22.22222222222222 0.0 33.322984 0.01738187420220021 1
9 0.2857142857142857 11.11111111111111 0.8888888888888888 51.32636 0.02403821152320701 1
6 1.0 0.0 0.0 30.683495999999998 0.027559847513801077 1
8 0.3333333333333333 37.5 0.0 20.387224 0.012739025674388048 1
8 0.3333333333333333 12.5 0.0 39.771367999999995 0.05528879193302758 1
9 0.0 66.66666666666666 0.0 32.502952 0.0022284887904811153 1
6 0.2 0.0 0.0 20.618192 0.005701499103576859 1
9 0.2857142857142857 22.22222222222222 0.8888888888888888 89.761168 0.03208072630300713 1
6 0.0 50.0 0.0 8.0 0.004310337648214442 1
6 0.5 0.0 0.0 16.858592 0.02997888374522632 1
10 0.25 10.0 0.8 53.949736 0.01473574228712049 1
11 0.1 36.36363636363637 0.0 68.798008 0.012844568695569337 1
7 0.16666666666666666 28.57142857142857 0.0 28.11088 0.006294670510929841 1
10 0.25 20.0 0.0 51.598376 0.022583924244414178 1
11 0.375 18.181818181818183 0.7272727272727273 74.54880800000001 0.013705020851759262 1
7 0.75 0.0 0.0 16.461864 0.01958120170965752 1
11 0.5714285714285714 0.0 0.0 56.133592 0.008477178531049326 1
10 0.42857142857142855 10.0 0.0 32.486352000000004 0.01822127049696575 1
11 0.0 72.72727272727273 0.0 27.668504 0.00404531766389922 1
7 0.16666666666666666 14.285714285714285 1.1428571428571428 28.963544 0.02049387590759856 1
10 0.1111111111111111 30.0 0.0 28.392248 0.0063720245366726816 1
10 0.42857142857142855 20.0 0.8 37.089168 0.014604236023098039 1
6 0.5 0.0 0.0 27.222152 0.020507933738176134 1
9 0.5 22.22222222222222 0.0 48.308968 0.012072019043713791 1
9 0.0 66.66666666666666 0.0 34.079352 0.004527369120695633 1
10 0.6666666666666666 0.0 0.0 55.350024 0.020239996367771775 1
10 0.25 20.0 0.0 28.037944 0.010958994693470085 1
10 0.1111111111111111 40.0 0.0 24.595064 0.005549192898722671 1
11 0.1 54.54545454545454 0.0 57.017144 0.003258015239213375 1
8 0.14285714285714285 37.5 0.0 23.247288 0.006807713986591806 1
11 0.2222222222222222 18.181818181818183 0.0 52.435888 0.010294781763110555 1
6 0.0 50.0 1.3333333333333333 18.620728 0.0038761551956963754 1
7 0.4 0.0 0.0 39.392736 0.006243952890886433 1
11 0.2222222222222222 0.0 0.0 83.164112 0.029671179459727706 1
7 0.0 57.14285714285714 0.0 18.250408 0.011109703700103949 1
6 0.2 33.33333333333333 0.0 13.532792 0.024525934238398505 1
6 1.0 0.0 0.0 36.98292 0.014584643105961824 1
6 0.0 50.0 0.0 16.308176 0.0012365064869810818 1
6 0.0 50.0 0.0 0 0.0018755279115476595 1
9 0.125 22.22222222222222 0.0 28.481440000000003 0.0022342028187440073 1
7 0.75 0.0 0.0 28.639024 0.06061414186256869 1
11 0.2222222222222222 36.36363636363637 1.4545454545454546 58.2168 0.015579461684147883 1
8 0.0 62.5 0.0 44.561328 0.01093549143189766 1
6 0.2 33.33333333333333 0.0 15.070128 0.00466485760806411 1
6 0.2 33.33333333333333 0.0 21.151416 0.0019633470737330586 1
6 0.2 16.666666666666664 0.0 3.973856 0.006882757541610251 1
10 0.0 70.0 0.0 25.373104 0.010915386148388722 1
8 0.6 0.0 1.0 65.33393600000001 0.049858629261547924 1
7 0.4 28.57142857142857 0.0 14.073272 0.007440100764130972 1
8 0.0 62.5 0.0 76.375784 0.012393182826900037 1
11 0.2222222222222222 27.27272727272727 0.0 51.775136 0.007116160656757304 1
6 0.2 0.0 0.0 13.07864 0.0062876532845401855 1
6 0.2 16.666666666666664 0.0 14.236248 0.01975846832312019 1
11 0.1 54.54545454545454 0.0 19.572336 0.003972322606796083 1
8 0.3333333333333333 37.5 0.0 43.829744000000005 0.019113911555050895 1
8 0.3333333333333333 12.5 0.0 58.099928000000006 0.0074300050033097535 1
11 0.5714285714285714 9.090909090909092 0.7272727272727273 86.976024 0.02028482939738447 1
9 0.5 0.0 0.0 22.242351999999997 0.008774264780512341 1
8 0.3333333333333333 25.0 0.0 44.73044 0.01394720058222626 1
10 0.25 20.0 0.0 44.926311999999996 0.02039544162739323 1
10 0.1111111111111111 40.0 0.8 40.814408 0.013660891294629168 1
6 1.0 0.0 0.0 28.008296 0.034677071942320246 1
9 0.2857142857142857 11.11111111111111 0.0 46.971376 0.004314029381915104 1
9 0.125 33.33333333333333 0.0 22.601112 0.004724996735207321 1
10 0.0 70.0 0.0 35.007424 0.007136135303905941 1
11 0.1 45.45454545454545 0.7272727272727273 75.977776 0.003732337666331451 1
11 0.1 63.63636363636363 0.0 32.45576 0.006762715244192779 1
11 0.1 63.63636363636363 0.0 26.114648 0.006844432158176101 1
8 0.3333333333333333 25.0 0.0 7.493544 0.004625364294185817 1
6 0.5 16.666666666666664 0.0 18.265656 0.017918581773438826 1
7 0.4 0.0 1.1428571428571428 34.461904 0.029919017539006044 1
8 0.0 62.5 0.0 75.06189599999999 0.012730115116387443 1
7 0.4 0.0 0.0 31.853839999999998 0.017008988468434624 1
10 1.0 0.0 1.6 79.076008 0.02428903595699345 1
6 0.2 33.33333333333333 0.0 11.584872 0.018397221600039357 1
6 1.0 0.0 0.0 13.851911999999999 0.020345042067303958 1
10 0.6666666666666666 0.0 0.0 34.742944 0.0130073801796435 1
6 0.0 50.0 0.0 16.85412 0.00687122686971268 1
10 0.0 70.0 0.0 46.218895999999994 0.009610316370430368 1
10 0.1111111111111111 50.0 0.0 42.1034 0.0065138872812534245 1
10 0.1111111111111111 40.0 0.0 67.334168 0.008940123187124326 1
7 0.4 0.0 2.2857142857142856 40.903168 0.006615924753838371 1
7 0.75 0.0 1.1428571428571428 48.641152 0.019462370138055813 1
6 0.0 50.0 0.0 17.213687999999998 0.007611692535681401 1
6 0.0 50.0 0.0 32.690976 0.033246265203982966 1
8 0.14285714285714285 25.0 0.0 25.727632 0.0032226000586457484 1
7 0.4 0.0 1.1428571428571428 28.120704 0.005852059171517635 1
11 0.1 54.54545454545454 0.7272727272727273 70.063816 0.007283975546398817 1
7 0.4 0.0 1.1428571428571428 29.754 0.034127786376961955 1
7 0.0 57.14285714285714 0.0 25.762504 0.006499296772249088 1
11 0.2222222222222222 27.27272727272727 0.0 59.836328 0.019585673515737968 1
7 0.16666666666666666 14.285714285714285 1.1428571428571428 24.391392 0.006232294016717014 1
8 0.14285714285714285 12.5 0.0 21.5576 0.004386767472735573 1
8 0.14285714285714285 25.0 0.0 25.834312 0.006403530129485287 1
6 0.0 50.0 0.0 19.981248 0.006421213611181861 1
7 0.4 14.285714285714285 0.0 18.855912 0.005753598685343653 1
7 0.4 0.0 0.0 29.309184000000002 0.010976795589924204 1
8 0.0 62.5 0.0 31.936 0.004686968540442074 1
10 0.25 10.0 0.0 51.464119999999994 0.009477128601730916 1
10 0.25 20.0 0.0 75.263488 0.006676519031699312 1
11 0.1 36.36363636363637 0.0 56.998408 0.00701752204171083 1
10 0.25 20.0 0.0 34.249144 0.002977117549082279 1
11 0.375 0.0 0.7272727272727273 58.76636799999999 0.01824414234428882 1
8 0.6 0.0 0.0 57.013024 0.02553660566074047 1
10 0.25 0.0 0.0 30.477776 0.005473509479101886 1
6 0.2 16.666666666666664 1.3333333333333333 35.154424 0.005070592680814584 1
8 0.14285714285714285 12.5 1.0 60.896128 0.005424427501196914 1
7 0.4 28.57142857142857 3.4285714285714284 42.366584 0.017788438437639748 1
9 0.0 66.66666666666666 0.0 45.878368 0.01051035364920203 1
10 0.42857142857142855 10.0 0.0 26.222336000000002 0.012065888082538282 1
7 0.4 14.285714285714285 0.0 14.842088 0.0040777114341399735 1
11 0.375 9.090909090909092 0.0 59.612048 0.015239606987517822 1
11 0.375 27.27272727272727 0.0 60.134024000000004 0.012986167831633812 1
11 0.1 63.63636363636363 0.0 41.104319999999994 0.0024026954582134752 1
9 1.25 0.0 0.8888888888888888 48.111072 0.0208680943185186 1
11 0.2222222222222222 27.27272727272727 0.7272727272727273 33.267776 0.007884308099806808 1
8 1.0 0.0 0.0 21.932272 0.014798068955034197 1
10 0.42857142857142855 0.0 0.0 43.856472 0.00826283596857327 1
8 0.3333333333333333 0.0 0.0 25.345376 0.0050081304602794165 1
9 0.2857142857142857 11.11111111111111 0.8888888888888888 51.67420800000001 0.01231246944356223 1
10 0.1111111111111111 50.0 0.0 39.918336000000004 0.009291146212864686 1
8 0.3333333333333333 25.0 0.0 40.834632 0.014969818728415563 1
10 0.1111111111111111 60.0 0.0 39.7714 0.008095992116349619 1
8 0.14285714285714285 50.0 0.0 30.152928 0.004456777653787841 1
10 0.1111111111111111 60.0 0.0 36.898248 0.006293561376594614 1
7 0.0 57.14285714285714 0.0 41.892392 0.007653939039594056 1
8 0.6 0.0 0.0 47.655544 0.024650252050672828 1
7 0.4 14.285714285714285 0.0 23.002768000000003 0.018084593118880096 1
8 0.14285714285714285 50.0 0.0 11.795872 0.0028907090062298955 1
11 0.2222222222222222 9.090909090909092 0.0 64.77632 0.018942994296756534 1
7 0.16666666666666666 0.0 2.2857142857142856 49.635904 0.026054043047837924 1
9 0.2857142857142857 11.11111111111111 0.0 55.655823999999996 0.008596379294102128 1
11 0.2222222222222222 45.45454545454545 0.0 49.83404 0.01140102994545359 1
8 0.6 12.5 0.0 28.828112 0.008943306681454651 1
10 0.25 10.0 0.0 74.355464 0.025561301275692415 1
7 0.0 57.14285714285714 0.0 16.0 0.0017462762403794103 1
9 0.5 11.11111111111111 0.0 45.366583999999996 0.033735042737215205 1
10 0.6666666666666666 0.0 2.4 118.38413600000001 0.02009631731521162 1
8 0.14285714285714285 37.5 0.0 30.327295999999997 0.007269151972355663 1
9 0.0 66.66666666666666 0.0 26.22204 0.0029528919404743655 1
8 0.14285714285714285 50.0 0.0 10.400991999999999 0.009389233892130373 1
11 0.375 9.090909090909092 0.7272727272727273 68.506768 0.02252912945699273 1
6 0.2 16.666666666666664 0.0 22.09824 0.02156472177426118 1
11 0.375 18.181818181818183 0.7272727272727273 39.586952 0.008248574529036693 1
9 0.5 33.33333333333333 0.0 49.139368 0.013580594694355649 1
6 0.5 16.666666666666664 0.0 22.592216 0.012433082196201045 1
6 0.5 0.0 0.0 26.861216 0.03189813163393041 1
10 0.25 30.0 0.0 34.759512 0.008292116230840259 1
9 0.2857142857142857 22.22222222222222 0.8888888888888888 17.94664 0.0025948859600282374 1
10 0.25 10.0 0.8 50.993552 0.007717975373473912 1
9 0.125 22.22222222222222 0.0 26.781847999999997 0.008169911537607296 1
8 0.0 62.5 0.0 16.0 0.002292157811842965 1
11 0.1 45.45454545454545 0.0 51.432448 0.007385391595444598 1
9 0.125 55.55555555555556 0.0 26.851584 0.0007153330311179104 1
11 0.1 36.36363636363637 2.1818181818181817 77.95755199999999 0.010935616710273694 1
10 0.42857142857142855 0.0 0.8 52.666591999999994 0.009608802577136994 1
9 0.125 22.22222222222222 0.0 41.966280000000005 0.005004977087079289 1
7 0.4 0.0 0.0 16.950504 0.012944030110361592 1
7 0.0 57.14285714285714 0.0 27.166448 0.004269929611867057 1
