4 0.3333333333333333 0.0 25800.0 0.0 0 0.006979301092432249 2
5 0.25 20.0 1920.0 1.6 11.78724 0.011179690440417774 2
4 0.0 25.0 53600.0 2.0 8.0 0.05900156292164044 2
3 0.0 0.0 533.3333333333334 0.0 0 0.06412132784414287 2
8 0.3333333333333333 0.0 13000.0 0.0 22.715448000000002 0.014812891576304839 2
8 0.14285714285714285 12.5 21400.0 1.0 42.457672 0.005390717124653126 2
7 0.0 57.14285714285714 34971.42857142857 3.4285714285714284 32.0 0.026004548210933807 2
5 0.0 40.0 8640.0 0.0 4.098448 0.005196663457756546 2
10 0.0 70.0 43840.0 25.6 128.0 0.053488497110348664 2
6 0.0 50.0 4133.333333333333 5.333333333333333 40.0 0.016060196738483475 2
21 0.0 85.71428571428571 39968571.428571425 19.047619047619047 349.143272 0.0519309389950756 2
4 0.0 25.0 1600.0 0.0 0 0.08255643644840414 2
7 0.0 57.14285714285714 8228.57142857143 0.0 8.0 0.03672723334270533 2
4 0.0 25.0 1200.0 0.0 0 0.001544027150841366 2
6 0.2 33.33333333333333 4133.333333333333 1.3333333333333333 37.850216 0.022717779535530388 2
10 0.0 70.0 45520.0 20.0 144.0 0.06244320621724694 2
4 0.0 25.0 1000.0 0.0 0 0.016667013632781166 2
7 0.0 57.14285714285714 8457.142857142857 20.571428571428573 80.0 0.07451728761842928 2
6 0.2 16.666666666666664 32533.333333333332 0.0 8.0 0.012404765507021657 2
10 0.25 20.0 66000.0 0.0 52.68772799999999 0.0373723471775659 2
