5 1
0 1
0 1
88 1
132 1
132 1
6 1
0 1
115 1
1 1
0 1
1 1
0 1
22 1
190 1
3 1
102 1
25 1
24 1
56 1
3 1
72 1
9 1
2 1
0 1
0 1
2 1
304 1
1 1
0 1
12 1
28 1
31 1
26 1
1 1
85 1
2 1
4 1
0 1
2 1
0 1
6 1
3 1
147 1
14 1
0 1
10 1
5 1
8 1
3 1
0 1
0 1
1 1
111 1
26 1
22 1
179 1
0 1
0 1
33 1
8 1
33 1
0 1
0 1
5 1
0 1
115 1
0 1
11 1
37 1
1 1
3 1
5 1
3 1
1 1
0 1
7 1
1 1
18 1
7 1
1 1
19 1
197 1
0 1
33 1
2 1
3 1
48 1
16 1
15 1
0 1
0 1
23 1
2 1
3 1
0 1
0 1
9 1
53 1
7 1
3 1
3 1
0 1
69 1
27 1
10 1
14 1
4 1
48 1
107 1
0 1
2 1
5 1
159 1
0 1
0 1
4 1
0 1
2 1
1 1
21 1
178 1
5 1
0 1
2 1
17 1
6 1
87 1
31 1
4 1
0 1
1 1
237 1
13 1
0 1
4 1
2 1
0 1
0 1
10 1
2 1
52 1
3 1
0 1
126 1
28 1
107 1
0 1
0 1
21 1
0 1
0 1
3 1
24 1
4 1
4 1
22 1
28 1
26 1
14 1
1 1
0 1
7 1
4 1
0 1
26 1
0 1
59 1
12 1
0 1
0 1
6 1
66 1
7 1
2 1
1 1
0 1
0 1
71 1
20 1
44 1
4 1
14 1
13 1
3 1
0 1
0 1
12 1
4 1
11 1
23 1
0 1
3 1
22 1
1 1
4 1
6 1
0 1
0 1
3 1
0 1
105 1
4 1
34 1
0 1
0 1
39 1
22 1
44 1
10 1
21 1
72 1
14 1
16 1
3 1
111 1
56 1
25 1
379 1
0 1
18 1
19 1
0 1
125 1
1 1
25 1
2 1
0 1
0 1
5 1
4 1
19 1
4 1
1 1
0 1
1 1
32 1
302 1
3 1
43 1
11 1
3 1
7 1
66 1
0 1
0 1
65 1
17 1
2 1
11 1
141 1
155 1
38 1
155 1
20 1
51 1
13 1
0 1
0 1
0 1
284 1
0 1
32 1
0 1
130 1
28 1
20 1
0 1
0 1
0 1
9 1
18 1
33 1
9 1
0 1
3 1
16 1
9 1
2 1
73 1
1 1
1 1
14 1
43 1
215 1
4 1
341 1
8 1
0 1
99 1
3 1
8 1
96 1
36 1
0 1
0 1
18 1
1 1
3 1
8 1
0 1
0 1
59 1
1 1
27 1
26 1
3 1
0 1
26 1
2 1
0 1
31 1
0 1
0 1
3 1
11 1
15 1
10 1
168 1
0 1
12 1
26 1
1 1
102 1
0 1
265 1
0 1
188 1
2 1
3 1
49 1
38 1
7 1
31 1
1 1
16 1
0 1
6 1
10 1
13 1
3 1
1 1
3 1
3 1
0 1
0 1
0 1
3 1
8 1
0 1
0 1
1 1
1 1
66 1
1 1
2 1
276 1
6 1
19 1
33 1
6 1
209 1
13 1
1 1
6 1
0 1
255 1
1 1
171 1
20 1
69 1
7 1
3 1
0 1
137 1
2 1
60 1
0 1
0 1
6 1
302 1
16 1
5 1
1 1
8 1
75 1
8 1
77 1
0 1
1 1
2 1
42 1
38 1
157 1
0 1
7 1
91 1
6 1
4 1
204 1
1 1
160 1
1 1
7 1
80 1
125 1
13 1
10 1
6 1
97 1
8 1
2 1
2 1
110 1
7 1
3 1
1 1
106 1
2 1
0 1
57 1
0 1
0 1
194 1
0 1
5 1
4 1
0 1
3 1
7 1
10 1
13 1
1 1
2 1
0 1
15 1
0 1
0 1
0 1
57 1
8 1
6 1
15 1
0 1
98 1
0 1
5 1
0 1
14 1
4 1
8 1
4 1
49 1
0 1
3 1
3 1
2 1
0 1
1 1
0 1
0 1
15 1
0 1
0 1
55 1
1 1
42 1
6 1
8 1
4 1
4 1
6 1
12 1
0 1
2 1
14 1
2 1
4 1
5 1
53 1
4 1
0 1
18 1
4 1
0 1
0 1
8 1
3 1
4 1
0 1
0 1
10 1
7 1
2 1
0 1
188 1
0 1
8 1
6 1
0 1
6 1
0 1
32 1
60 1
5 1
0 1
15 1
29 1
8 1
13 1
55 1
15 1
2 1
23 1
2 1
7 1
0 1
0 1
0 1
17 1
0 1
19 1
315 1
1 1
1 1
46 1
407 1
0 1
7 1
28 1
24 1
84 1
94 1
222 1
38 1
35 1
19 1
58 1
74 1
0 1
11 1
20 1
9 1
12 1
55 1
5 1
0 1
0 1
0 1
2 1
3 1
0 1
3 1
24 1
4 1
18 1
0 1
2 1
10 1
0 1
0 1
0 1
0 1
0 1
20 1
3 1
74 1
17 1
288 1
77 1
12 1
38 1
0 1
0 1
0 1
50 1
0 1
4 1
60 1
0 1
0 1
30 1
0 1
17 1
11 1
230 1
1 1
0 1
5 1
0 1
11 1
22 1
0 1
0 1
3 1
1 1
130 1
3 1
0 1
1 1
18 1
2 1
0 1
37 1
4 1
13 1
65 1
10 1
21 1
52 1
17 1
25 1
1 1
65 1
0 1
5 1
29 1
7 1
22 1
30 1
8 1
0 1
243 1
0 1
13 1
0 1
15 1
531 1
2 1
17 1
23 1
14 1
16 1
12 1
92 1
61 1
20 1
31 1
16 1
3 1
11 1
9 1
0 1
6 1
13 1
7 1
8 1
0 1
2 1
2 1
1 1
28 1
1 1
9 1
65 1
1 1
3 1
0 1
39 1
3 1
2 1
0 1
1 1
29 1
52 1
4 1
223 1
0 1
32 1
17 1
13 1
61 1
105 1
3 1
10 1
14 1
3 1
63 1
0 1
0 1
1 1
5 1
1 1
6 1
28 1
1 1
7 1
121 1
0 1
0 1
23 1
47 1
8 1
0 1
7 1
1 1
6 1
2 1
265 1
12 1
48 1
1 1
13 1
0 1
0 1
0 1
62 1
150 1
11 1
21 1
2 1
0 1
159 1
117 1
1 1
0 1
10 1
1 1
20 1
9 1
95 1
0 1
10 1
0 1
180 1
12 1
12 1
0 1
6 1
27 1
0 1
5 1
1 1
105 1
3 1
45 1
0 1
2 1
0 1
2 1
5 1
10 1
0 1
4 1
5 1
3 1
11 1
0 1
3 1
23 1
160 1
7 1
30 1
130 1
1 1
52 1
0 1
0 1
2 1
0 1
29 1
0 1
40 1
1 1
11 1
0 1
50 1
1 1
0 1
2 1
10 1
13 1
0 1
6 1
180 1
8 1
161 1
1 1
60 1
54 1
10 1
98 1
5 1
216 1
27 1
4 1
19 1
0 1
23 1
0 1
9 1
6 1
10 1
227 1
6 1
0 1
0 1
1 1
17 1
19 1
9 1
1 1
1 1
0 1
10 1
1 1
9 1
16 1
4 1
0 1
21 1
0 1
0 1
3 1
0 1
0 1
0 1
38 1
89 1
1 1
1 1
28 1
0 1
23 1
54 1
84 1
2 1
70 1
166 1
0 1
35 1
1 1
75 1
1 1
61 1
22 1
0 1
3 1
0 1
93 1
0 1
45 1
31 1
1 1
31 1
33 1
0 1
0 1
225 1
1 1
67 1
1 1
2 1
0 1
19 1
1 1
0 1
1 1
0 1
0 1
1 1
2 1
11 1
9 1
1 1
27 1
0 1
6 1
6 1
0 1
60 1
2 1
37 1
2 1
0 1
0 1
140 1
6 1
32 1
4 1
5 1
0 1
0 1
16 1
0 1
0 1
45 1
1 1
35 1
181 1
1 1
22 1
1 1
0 1
4 1
0 1
0 1
62 1
101 1
3 1
0 1
3 1
7 1
162 1
1 1
1 1
0 1
1 1
103 1
1 1
284 1
0 1
7 1
0 1
0 1
31 1
3 1
236 1
32 1
4 1
1 1
2 1
81 1
0 1
0 1
7 1
59 1
0 1
0 1
11 1
8 1
1 1
12 1
1 1
0 1
1 1
0 1
1 1
85 1
179 1
19 1
56 1
122 1
17 1
15 1
0 1
1 1
46 1
4 1
12 1
0 1
5 1
1 1
66 1
20 1
6 1
66 1
17 1
0 1
0 1
0 1
2 1
0 1
57 1
0 1
5 1
4 1
10 1
24 1
3 1
6 1
19 1
4 1
0 1
0 1
8 1
4 1
1 1
72 1
54 1
14 1
1 1
0 1
8 1
0 1
0 1
0 1
9 1
19 1
1 1
0 1
21 1
61 1
7 1
2 1
26 1
31 1
5 1
0 1
8 1
0 1
0 1
40 1
4 1
1 1
0 1
166 1
0 1
25 1
63 1
186 1
4 1
0 1
8 1
69 1
36 1
44 1
51 1
147 1
3 1
1 1
0 1
2 1
0 1
0 1
5 1
0 1
10 1
25 1
0 1
114 1
0 1
0 1
7 1
126 1
0 1
11 1
69 1
0 1
0 1
1 1
32 1
14 1
0 1
0 1
45 1
23 1
431 1
60 1
3 1
47 1
8 1
46 1
36 1
28 1
230 1
7 1
1 1
13 1
10 1
0 1
0 1
126 1
0 1
65 1
26 1
13 1
103 1
7 1
28 1
5 1
42 1
0 1
4 1
1 1
8 1
6 1
68 1
34 1
293 1
94 1
0 1
0 1
116 1
5 1
18 1
5 1
3 1
28 1
15 1
12 1
55 1
150 1
144 1
0 1
2 1
7 1
56 1
0 1
4 1
9 1
38 1
0 1
0 1
2 1
15 1
15 1
0 1
0 1
0 1
0 1
0 1
1 1
72 1
5 1
0 1
9 1
167 1
0 1
0 1
22 1
0 1
3 1
8 1
0 1
302 1
0 1
3 1
8 1
12 1
1 1
1 1
2 1
6 1
0 1
0 1
0 1
254 1
0 1
25 1
58 1
4 1
248 1
0 1
8 1
12 1
0 1
0 1
0 1
113 1
10 1
19 1
34 1
5 1
0 1
0 1
0 1
59 1
26 1
49 1
162 1
381 1
1 1
0 1
89 1
0 1
39 1
116 1
122 1
9 1
11 1
46 1
23 1
374 1
23 1
0 1
46 1
0 1
130 1
1 1
26 1
4 1
16 1
13 1
0 1
2 1
6 1
3 1
61 1
29 1
0 1
0 1
333 1
3 1
47 1
0 1
84 1
0 1
16 1
8 1
6 1
0 1
87 1
1 1
1 1
1 1
3 1
19 1
14 1
2 1
27 1
0 1
117 1
12 1
1 1
111 1
19 1
37 1
32 1
81 1
0 1
2 1
0 1
0 1
3 1
72 1
0 1
0 1
31 1
0 1
4 1
106 1
21 1
4 1
33 1
18 1
0 1
361 1
1 1
4 1
4 1
10 1
6 1
27 1
9 1
0 1
0 1
15 1
1 1
8 1
2 1
7 1
0 1
63 1
78 1
8 1
0 1
0 1
20 1
0 1
1 1
0 1
40 1
0 1
0 1
0 1
32 1
1 1
70 1
40 1
1 1
0 1
10 1
3 1
15 1
2 1
0 1
135 1
2 1
0 1
62 1
1 1
0 1
182 1
132 1
0 1
5 1
0 1
24 1
0 1
1 1
0 1
86 1
67 1
30 1
169 1
160 1
0 1
31 1
0 1
18 1
1 1
4 1
34 1
7 1
19 1
100 1
0 1
1 1
0 1
64 1
0 1
0 1
15 1
107 1
11 1
0 1
10 1
6 1
0 1
3 1
168 1
0 1
43 1
0 1
1 1
0 1
19 1
12 1
34 1
0 1
4 1
2 1
0 1
208 1
10 1
139 1
335 1
37 1
13 1
2 1
25 1
0 1
15 1
22 1
0 1
8 1
2 1
3 1
73 1
2 1
0 1
1 1
42 1
37 1
0 1
158 1
1 1
12 1
295 1
24 1
15 1
1 1
2 1
37 1
11 1
1 1
3 1
12 1
0 1
6 1
2 1
7 1
35 1
0 1
0 1
0 1
9 1
0 1
5 1
1 1
29 1
43 1
134 1
54 1
0 1
0 1
31 1
3 1
27 1
0 1
4 1
278 1
0 1
0 1
194 1
39 1
21 1
19 1
9 1
15 1
8 1
0 1
0 1
0 1
20 1
2 1
72 1
1 1
15 1
18 1
20 1
11 1
5 1
4 1
108 1
15 1
0 1
55 1
7 1
2 1
86 1
16 1
97 1
50 1
14 1
26 1
378 1
2 1
12 1
4 1
12 1
11 1
241 1
0 1
0 1
1 1
1 1
2 1
4 1
0 1
0 1
0 1
7 1
3 1
7 1
0 1
7 1
0 1
154 1
2 1
0 1
3 1
1 1
239 1
36 1
7 1
129 1
41 1
4 1
19 1
0 1
0 1
121 1
58 1
4 1
27 1
47 1
172 1
4 1
15 1
46 1
10 1
2 1
2 1
12 1
131 1
0 1
17 1
0 1
26 1
5 1
0 1
0 1
3 1
0 1
1 1
0 1
0 1
0 1
14 1
1 1
2 1
7 1
24 1
0 1
2 1
93 1
19 1
57 1
74 1
1 1
0 1
3 1
26 1
1 1
9 1
0 1
47 1
1 1
9 1
0 1
62 1
0 1
0 1
3 1
27 1
0 1
258 1
12 1
1 1
0 1
10 1
30 1
11 1
0 1
1 1
0 1
0 1
57 1
70 1
1 1
7 1
0 1
30 1
1 1
0 1
6 1
8 1
16 1
140 1
2 1
7 1
24 1
16 1
28 1
8 1
6 1
0 1
23 1
1 1
385 1
11 1
8 1
0 1
5 1
0 1
0 1
0 1
6 1
49 1
16 1
30 1
104 1
12 1
19 1
10 1
1 1
9 1
43 1
310 1
16 1
96 1
6 1
7 1
47 1
0 1
23 1
0 1
0 1
4 1
120 1
7 1
0 1
40 1
0 1
18 1
33 1
0 1
0 1
1 1
24 1
0 1
1 1
2 1
9 1
14 1
177 1
4 1
14 1
0 1
0 1
5 1
5 1
6 1
99 1
1 1
3 1
0 1
72 1
0 1
56 1
9 1
1 1
24 1
32 1
1 1
44 1
13 1
115 1
3 1
3 1
6 1
0 1
73 1
0 1
23 1
22 1
0 1
0 1
2 1
243 1
17 1
0 1
0 1
0 1
15 1
0 1
1 1
47 1
6 1
2 1
138 1
44 1
171 1
0 1
9 1
0 1
5 1
160 1
1 1
218 1
59 1
376 1
0 1
4 1
26 1
6 1
0 1
72 1
0 1
2 1
12 1
0 1
0 1
2 1
0 1
1 1
18 1
13 1
417 1
0 1
11 1
42 1
1 1
0 1
0 1
10 1
0 1
0 1
2 1
0 1
6 1
8 1
16 1
0 1
0 1
12 1
57 1
11 1
3 1
16 1
1 1
0 1
50 1
12 1
0 1
1 1
0 1
145 1
5 1
99 1
4 1
0 1
4 1
4 1
0 1
80 1
36 1
5 1
7 1
174 1
138 1
28 1
3 1
72 1
12 1
73 1
102 1
24 1
6 1
27 1
0 1
0 1
126 1
0 1
5 1
2 1
124 1
8 1
0 1
130 1
2 1
3 1
0 1
0 1
1 1
327 1
1 1
6 1
19 1
3 1
21 1
16 1
0 1
3 1
8 1
0 1
1 1
0 1
21 1
10 1
410 1
84 1
55 1
193 1
16 1
29 1
0 1
287 1
263 1
5 1
28 1
0 1
101 1
115 1
0 1
1 1
48 1
39 1
74 1
0 1
34 1
32 1
2 1
47 1
36 1
16 1
4 1
25 1
0 1
0 1
0 1
19 1
4 1
74 1
87 1
332 1
1 1
0 1
107 1
129 1
143 1
11 1
131 1
54 1
0 1
4 1
20 1
6 1
16 1
79 1
17 1
3 1
81 1
0 1
404 1
4 1
24 1
31 1
0 1
74 1
1 1
26 1
2 1
8 1
2 1
7 1
56 1
141 1
2 1
27 1
24 1
0 1
86 1
89 1
42 1
420 1
100 1
2 1
1 1
2 1
0 1
1 1
0 1
1 1
1 1
370 1
0 1
3 1
2 1
3 1
0 1
106 1
12 1
3 1
20 1
0 1
86 1
2 1
0 1
49 1
18 1
19 1
0 1
97 1
14 1
0 1
115 1
29 1
0 1
0 1
0 1
189 1
20 1
125 1
19 1
17 1
13 1
71 1
108 1
0 1
0 1
4 1
82 1
0 1
1 1
15 1
82 1
10 1
35 1
36 1
16 1
2 1
29 1
8 1
7 1
0 1
3 1
116 1
385 1
34 1
4 1
0 1
10 1
0 1
5 1
134 1
1 1
107 1
83 1
26 1
3 1
6 1
224 1
0 1
53 1
6 1
2 1
0 1
0 1
1 1
0 1
10 1
16 1
0 1
0 1
42 1
0 1
42 1
2 1
1 1
1 1
28 1
152 1
52 1
158 1
8 1
236 1
0 1
1 1
34 1
10 1
0 1
4 1
2 1
11 1
2 1
32 1
191 1
251 1
3 1
0 1
95 1
5 1
0 1
50 1
0 1
66 1
0 1
0 1
2 1
0 1
5 1
3 1
0 1
0 1
0 1
185 1
3 1
37 1
1 1
37 1
225 1
89 1
0 1
38 1
0 1
238 1
0 1
1 1
198 1
3 1
0 1
2 1
95 1
14 1
6 1
19 1
2 1
101 1
7 1
14 1
433 1
23 1
4 1
0 1
90 1
4 1
132 1
4 1
0 1
0 1
63 1
0 1
5 1
11 1
4 1
7 1
16 1
25 1
1 1
8 1
35 1
2 1
12 1
25 1
11 1
0 1
11 1
2 1
37 1
48 1
25 1
260 1
0 1
3 1
65 1
227 1
0 1
10 1
0 1
25 1
25 1
28 1
25 1
225 1
25 1
25 1
18 1
1 1
25 1
12 1
25 1
1 1
82 1
25 1
0 1
8 1
259 1
3 1
0 1
26 1
25 1
25 1
30 1
0 1
2 1
0 1
4 1
191 1
6 1
0 1
1 1
12 1
0 1
0 1
8 1
0 1
11 1
3 1
47 1
20 1
10 1
43 1
25 1
27 1
65 1
11 1
0 1
12 1
0 1
25 1
25 1
1 1
25 1
49 1
24 1
64 1
25 1
36 1
8 1
0 1
1 1
4 1
0 1
11 1
25 1
11 1
0 1
25 1
112 1
0 1
25 1
0 1
14 1
7 1
25 1
65 1
0 1
120 1
25 1
5 1
11 1
0 1
0 1
4 1
0 1
2 1
4 1
1 1
0 1
25 1
23 1
5 1
12 1
0 1
3 1
25 1
4 1
147 1
1 1
5 1
0 1
2 1
25 1
0 1
25 1
0 1
19 1
0 1
0 1
24 1
125 1
25 1
82 1
48 1
205 1
1 1
0 1
7 1
2 1
2 1
82 1
16 1
25 1
25 1
14 1
33 1
4 1
10 1
17 1
110 1
25 1
30 1
1 1
13 1
3 1
8 1
18 1
25 1
25 1
3 1
25 1
25 1
3 1
2 1
25 1
1 1
0 1
1 1
25 1
6 1
4 1
86 1
0 1
0 1
0 1
99 1
32 1
0 1
4 1
0 1
65 1
21 1
1 1
53 1
40 1
0 1
11 1
7 1
25 1
17 1
21 1
0 1
3 1
25 1
0 1
33 1
120 1
25 1
0 1
0 1
18 1
25 1
0 1
0 1
25 1
130 1
25 1
0 1
0 1
0 1
11 1
0 1
20 1
0 1
6 1
25 1
0 1
17 1
11 1
6 1
54 1
25 1
26 1
0 1
25 1
17 1
0 1
25 1
8 1
0 1
170 1
0 1
1 1
79 1
15 1
16 1
4 1
1 1
25 1
0 1
9 1
0 1
54 1
18 1
7 1
70 1
0 1
3 1
0 1
105 1
0 1
0 1
25 1
0 1
0 1
32 1
0 1
0 1
25 1
0 1
3 1
14 1
2 1
4 1
0 1
25 1
3 1
47 1
1 1
8 1
2 1
25 1
10 1
1 1
8 1
11 1
0 1
11 1
0 1
0 1
0 1
25 1
3 1
310 1
0 1
17 1
0 1
24 1
2 1
11 1
1 1
0 1
1 1
25 1
7 1
17 1
64 1
0 1
0 1
0 1
1 1
2 1
0 1
0 1
0 1
12 1
2 1
0 1
14 1
10 1
3 1
0 1
14 1
9 1
21 1
3 1
6 1
25 1
10 1
0 1
29 1
0 1
0 1
16 1
0 1
15 1
13 1
0 1
0 1
10 1
0 1
0 1
6 1
2 1
0 1
22 1
0 1
9 1
1 1
0 1
0 1
0 1
67 1
159 1
2 1
108 1
25 1
0 1
6 1
147 1
18 1
4 1
185 1
5 1
2 1
31 1
40 1
3 1
0 1
10 1
5 1
26 1
15 1
12 1
2 1
0 1
11 1
4 1
7 1
0 1
0 1
102 1
2 1
7 1
16 1
10 1
0 1
9 1
14 1
4 1
0 1
87 1
0 1
25 1
20 1
38 1
147 1
115 1
0 1
1 1
9 1
0 1
19 1
2 1
8 1
10 1
138 1
7 1
8 1
1 1
2 1
20 1
12 1
18 1
43 1
23 1
0 1
5 1
0 1
0 1
4 1
0 1
97 1
2 1
1 1
23 1
0 1
7 1
5 1
126 1
0 1
1 1
0 1
0 1
0 1
23 1
0 1
2 1
0 1
1 1
5 1
68 1
19 1
0 1
148 1
9 1
25 1
0 1
1 1
402 1
0 1
1 1
5 1
0 1
12 1
10 1
0 1
2 1
0 1
14 1
8 1
217 1
12 1
13 1
5 1
0 1
7 1
31 1
8 1
14 1
5 1
16 1
3 1
0 1
2 1
6 1
18 1
66 1
0 1
10 1
3 1
94 1
5 1
25 1
7 1
3 1
166 1
0 1
91 1
73 1
0 1
0 1
47 1
0 1
0 1
7 1
25 1
0 1
27 1
2 1
82 1
4 1
0 1
82 1
1 1
2 1
1 1
3 1
5 1
0 1
11 1
1 1
7 1
7 1
0 1
1 1
0 1
82 1
0 1
1 1
18 1
1 1
27 1
1 1
10 1
178 1
150 1
7 1
0 1
0 1
28 1
21 1
48 1
1 1
0 1
26 1
25 1
2 1
25 1
0 1
25 1
3 1
51 1
28 1
22 1
15 1
28 1
1 1
1 1
0 1
73 1
3 1
9 1
12 1
0 1
0 1
0 1
6 1
0 1
0 1
19 1
0 1
13 1
3 1
5 1
88 1
201 1
221 1
57 1
5 1
41 1
5 1
25 1
12 1
0 1
18 1
190 1
0 1
0 1
31 1
4 1
104 1
4 1
26 1
0 1
14 1
1 1
1 1
0 1
0 1
0 1
106 1
69 1
304 1
25 1
115 1
127 1
104 1
0 1
0 1
47 1
51 1
1 1
13 1
12 1
0 1
3 1
68 1
16 1
0 1
8 1
0 1
34 1
22 1
2 1
0 1
10 1
0 1
0 1
15 1
0 1
9 1
2 1
3 1
1 1
0 1
13 1
7 1
10 1
0 1
1 1
144 1
2 1
2 1
0 1
6 1
9 1
33 1
0 1
14 1
2 1
0 1
210 1
78 1
0 1
0 1
3 1
38 1
0 1
0 1
0 1
16 1
3 1
1 1
0 1
24 1
0 1
25 1
26 1
6 1
4 1
18 1
13 1
0 1
3 1
5 1
2 1
1 1
7 1
24 1
0 1
0 1
23 1
0 1
0 1
162 1
25 1
0 1
4 1
0 1
3 1
0 1
1 1
123 1
0 1
2 1
55 1
282 1
0 1
2 1
0 1
2 1
82 1
2 1
0 1
0 1
72 1
118 1
12 1
9 1
16 1
0 1
1 1
0 1
7 1
12 1
8 1
11 1
18 1
2 1
0 1
4 1
25 1
1 1
11 1
0 1
0 1
0 1
0 1
5 1
3 1
67 1
2 1
0 1
11 1
1 1
1 1
4 1
0 1
16 1
2 1
12 1
47 1
0 1
0 1
8 1
35 1
3 1
5 1
0 1
95 1
0 1
6 1
9 1
0 1
142 1
11 1
3 1
0 1
1 1
14 1
19 1
1 1
47 1
0 1
39 1
4 1
6 1
0 1
4 1
10 1
0 1
5 1
2 1
0 1
0 1
0 1
0 1
3 1
48 1
13 1
0 1
5 1
0 1
6 1
0 1
0 1
2 1
0 1
93 1
13 1
13 1
4 1
0 1
0 1
0 1
0 1
0 1
25 1
20 1
14 1
1 1
17 1
89 1
67 1
5 1
0 1
0 1
7 1
10 1
0 1
0 1
0 1
1 1
13 1
6 1
0 1
0 1
0 1
4 1
5 1
10 1
1 1
39 1
0 1
0 1
113 1
17 1
25 1
0 1
7 1
4 1
1 1
0 1
0 1
191 1
0 1
1 1
25 1
133 1
8 1
82 1
9 1
197 1
2 1
12 1
2 1
1 1
81 1
1 1
7 1
16 1
0 1
0 1
3 1
1 1
3 1
0 1
2 1
13 1
0 1
2 1
25 1
0 1
68 1
0 1
139 1
2 1
5 1
28 1
0 1
3 1
255 1
1 1
0 1
0 1
0 1
1 1
1 1
43 1
60 1
123 1
0 1
10 1
0 1
9 1
102 1
0 1
13 1
24 1
50 1
1 1
0 1
1 1
3 1
2 1
3 1
10 1
3 1
0 1
0 1
5 1
3 1
0 1
178 1
14 1
0 1
0 1
2 1
3 1
114 1
13 1
21 1
25 1
1 1
8 1
0 1
0 1
0 1
6 1
0 1
82 1
4 1
23 1
258 1
1 1
160 1
16 1
7 1
0 1
20 1
7 1
0 1
1 1
35 1
32 1
2 1
15 1
59 1
20 1
0 1
4 1
7 1
3 1
30 1
25 1
0 1
7 1
203 1
55 1
64 1
3 1
117 1
0 1
0 1
0 1
54 1
0 1
38 1
0 1
4 1
90 1
0 1
0 1
32 1
74 1
25 1
47 1
0 1
223 1
0 1
1 1
18 1
1 1
0 1
24 1
10 1
0 1
0 1
6 1
2 1
7 1
0 1
0 1
0 1
83 1
0 1
0 1
0 1
22 1
28 1
0 1
0 1
47 1
26 1
0 1
2 1
0 1
14 1
1 1
17 1
0 1
23 1
5 1
12 1
0 1
4 1
0 1
10 1
13 1
6 1
5 1
0 1
0 1
1 1
0 1
7 1
0 1
1 1
0 1
25 1
15 1
0 1
0 1
0 1
30 1
4 1
0 1
0 1
25 1
4 1
0 1
0 1
44 1
0 1
4 1
38 1
0 1
0 1
0 1
7 1
0 1
18 1
1 1
2 1
10 1
0 1
65 1
0 1
1 1
58 1
0 1
0 1
1 1
0 1
5 1
7 1
4 1
0 1
104 1
0 1
1 1
0 1
1 1
25 1
4 1
47 1
0 1
1 1
0 1
131 1
0 1
2 1
5 1
2 1
32 1
50 1
16 1
1 1
0 1
138 1
10 1
0 1
0 1
0 1
0 1
0 1
43 1
91 1
11 1
202 1
0 1
41 1
10 1
9 1
3 1
4 1
5 1
185 1
7 1
20 1
21 1
9 1
0 1
0 1
0 1
1 1
0 1
6 1
23 1
1 1
1 1
0 1
1 1
0 1
14 1
22 1
1 1
18 1
3 1
0 1
3 1
0 1
0 1
0 1
0 1
0 1
6 1
12 1
20 1
0 1
105 1
1 1
0 1
0 1
1 1
47 1
7 1
3 1
53 1
82 1
2 1
12 1
7 1
77 1
32 1
1 1
1 1
15 1
10 1
56 1
0 1
0 1
0 1
9 1
1 1
0 1
0 1
189 1
2 1
12 1
0 1
2 1
2 1
0 1
0 1
0 1
13 1
0 1
0 1
0 1
5 1
12 1
48 1
13 1
0 1
32 1
35 1
0 1
82 1
0 1
1 1
17 1
0 1
0 1
5 1
46 1
5 1
0 1
13 1
2 1
188 1
227 1
17 1
108 1
6 1
2 1
3 1
8 1
1 1
22 1
2 1
0 1
187 1
4 1
0 1
0 1
9 1
24 1
70 1
15 1
0 1
54 1
0 1
0 1
9 1
35 1
1 1
0 1
17 1
0 1
56 1
0 1
8 1
0 1
10 1
0 1
11 1
0 1
1 1
2 1
0 1
1 1
0 1
0 1
0 1
7 1
2 1
0 1
0 1
1 1
10 1
3 1
5 1
25 1
22 1
0 1
1 1
0 1
7 1
0 1
1 1
9 1
3 1
2 1
2 1
13 1
0 1
7 1
0 1
0 1
61 1
335 1
132 1
0 1
19 1
0 1
0 1
1 1
26 1
2 1
5 1
0 1
0 1
70 1
98 1
21 1
1 1
3 1
6 1
1 1
45 1
15 1
1 1
3 1
78 1
1 1
3 1
25 1
117 1
0 1
4 1
5 1
0 1
0 1
0 1
0 1
17 1
0 1
0 1
278 1
0 1
32 1
0 1
18 1
3 1
3 1
8 1
0 1
16 1
1 1
6 1
32 1
0 1
0 1
0 1
113 1
25 1
59 1
8 1
0 1
5 1
0 1
1 1
53 1
0 1
0 1
3 1
0 1
14 1
2 1
4 1
21 1
83 1
33 1
0 1
35 1
7 1
35 1
4 1
0 1
0 1
0 1
60 1
0 1
5 1
16 1
1 1
1 1
0 1
19 1
0 1
0 1
0 1
1 1
53 1
0 1
1 1
22 1
10 1
5 1
5 1
0 1
0 1
0 1
1 1
17 1
7 1
5 1
1 1
0 1
0 1
0 1
21 1
1 1
15 1
0 1
9 1
1 1
1 1
0 1
4 1
4 1
6 1
5 1
39 1
1 1
0 1
2 1
0 1
0 1
0 1
9 1
0 1
15 1
4 1
11 1
0 1
28 1
19 1
195 1
0 1
6 1
0 1
0 1
0 1
13 1
4 1
13 1
8 1
1 1
0 1
16 1
11 1
37 1
0 1
0 1
0 1
0 1
4 1
11 1
14 1
2 1
0 1
0 1
3 1
0 1
5 1
1 1
0 1
8 1
0 1
0 1
1 1
0 1
0 1
2 1
84 1
0 1
80 1
2 1
3 1
46 1
2 1
174 1
0 1
0 1
1 1
0 1
0 1
39 1
15 1
0 1
0 1
4 1
3 1
70 1
3 1
18 1
0 1
0 1
0 1
2 1
34 1
3 1
2 1
118 1
0 1
67 1
8 1
8 1
0 1
0 1
52 1
0 1
25 1
0 1
0 1
0 1
3 1
0 1
28 1
26 1
3 1
0 1
25 1
0 1
12 1
51 1
191 1
39 1
1 1
0 1
0 1
18 1
16 1
1 1
115 1
11 1
48 1
2 1
0 1
1 1
0 1
5 1
48 1
0 1
11 1
186 1
1 1
19 1
3 1
123 1
2 1
7 1
4 1
0 1
0 1
0 1
0 1
135 1
18 1
2 1
118 1
0 1
23 1
6 1
93 1
150 1
1 1
1 1
47 1
1 1
0 1
20 1
23 1
26 1
2 1
0 1
0 1
38 1
0 1
0 1
0 1
8 1
6 1
1 1
0 1
6 1
117 1
19 1
1 1
8 1
0 1
0 1
1 1
44 1
4 1
4 1
0 1
0 1
13 1
0 1
49 1
0 1
3 1
55 1
16 1
18 1
0 1
26 1
4 1
3 1
0 1
54 1
0 1
14 1
0 1
0 1
34 1
0 1
1 1
7 1
12 1
0 1
1 1
0 1
18 1
4 1
19 1
0 1
0 1
1 1
3 1
6 1
6 1
25 1
1 1
0 1
5 1
6 1
0 1
0 1
0 1
4 1
16 1
0 1
0 1
8 1
1 1
0 1
1 1
8 1
23 1
33 1
7 1
1 1
20 1
1 1
2 1
1 1
1 1
10 1
1 1
0 1
6 1
6 1
25 1
3 1
0 1
2 1
37 1
4 1
21 1
1 1
4 1
0 1
1 1
0 1
210 1
1 1
66 1
0 1
0 1
14 1
7 1
0 1
0 1
0 1
17 1
0 1
2 1
1 1
0 1
20 1
1 1
47 1
72 1
0 1
6 1
1 1
9 1
0 1
15 1
98 1
0 1
0 1
1 1
38 1
32 1
0 1
3 1
0 1
0 1
0 1
4 1
0 1
0 1
9 1
3 1
0 1
0 1
0 1
17 1
45 1
6 1
2 1
0 1
0 1
25 1
3 1
0 1
5 1
17 1
6 1
0 1
0 1
222 1
3 1
0 1
5 1
13 1
0 1
5 1
2 1
0 1
5 1
40 1
0 1
0 1
10 1
10 1
0 1
77 1
115 1
0 1
0 1
7 1
5 1
9 1
30 1
0 1
1 1
0 1
0 1
1 1
100 1
1 1
76 1
0 1
0 1
2 1
0 1
118 1
0 1
7 1
0 1
5 1
0 1
198 1
4 1
0 1
13 1
0 1
0 1
15 1
25 1
0 1
1 1
18 1
120 1
9 1
6 1
0 1
0 1
0 1
0 1
19 1
0 1
7 1
58 1
2 1
0 1
2 1
0 1
22 1
34 1
7 1
0 1
0 1
0 1
11 1
25 1
2 1
10 1
0 1
45 1
0 1
0 1
33 1
3 1
0 1
47 1
15 1
2 1
6 1
0 1
125 1
3 1
2 1
0 1
2 1
3 1
20 1
0 1
102 1
4 1
3 1
0 1
0 1
72 1
1 1
38 1
7 1
0 1
0 1
14 1
19 1
11 1
55 1
17 1
0 1
0 1
51 1
17 1
62 1
0 1
6 1
5 1
0 1
31 1
5 1
16 1
13 1
0 1
14 1
0 1
0 1
2 1
46 1
0 1
307 1
1 1
0 1
3 1
5 1
2 1
3 1
0 1
3 1
47 1
0 1
18 1
0 1
0 1
1 1
13 1
10 1
25 1
3 1
4 1
1 1
0 1
0 1
5 1
19 1
8 1
55 1
0 1
5 1
45 1
1 1
15 1
0 1
0 1
63 1
11 1
3 1
27 1
0 1
222 1
0 1
0 1
0 1
3 1
0 1
0 1
0 1
10 1
8 1
3 1
5 1
0 1
0 1
25 1
21 1
0 1
3 1
0 1
29 1
0 1
0 1
0 1
70 1
0 1
84 1
0 1
18 1
11 1
0 1
0 1
0 1
0 1
1 1
1 1
187 1
0 1
58 1
13 1
86 1
0 1
0 1
3 1
36 1
105 1
0 1
34 1
17 1
25 1
0 1
33 1
44 1
33 1
56 1
4 1
2 1
13 1
0 1
7 1
25 1
15 1
0 1
4 1
26 1
5 1
90 1
1 1
12 1
172 1
0 1
1 1
22 1
25 1
6 1
3 1
1 1
24 1
0 1
20 1
183 1
9 1
12 1
2 1
19 1
0 1
0 1
14 1
0 1
0 1
21 1
2 1
1 1
9 1
20 1
7 1
0 1
0 1
0 1
3 1
3 1
15 1
1 1
0 1
0 1
0 1
0 1
1 1
5 1
0 1
14 1
0 1
0 1
56 1
5 1
67 1
1 1
0 1
109 1
5 1
3 1
8 1
13 1
24 1
81 1
0 1
14 1
53 1
0 1
4 1
1 1
5 1
4 1
43 1
0 1
4 1
5 1
3 1
43 1
3 1
3 1
0 1
2 1
4 1
40 1
0 1
0 1
18 1
